"age"	"BCa"	"se"	"SrCa"	"se"	"MgCa"	"se"	"BaCa"	"se"	"UCa"	"se"	"LiCa"	"se"	"LiMg"	"se"	"d11B"	"se"	"pHcf"	"s"	"Temp"
NA	NA	NA	NA	NA	NA	NA	NA	NA	NA	NA	NA	NA	NA	NA	NA	NA	NA	NA	NA
NA	NA	NA	NA	NA	NA	NA	NA	NA	NA	NA	NA	NA	NA	NA	21.668	NA	NA	NA	22.263095584264
NA	NA	NA	NA	NA	NA	NA	NA	NA	NA	NA	NA	NA	NA	NA	22.369	0.56969424548027	NA	NA	22.0444902078225
2013.30803428571	530.356944444444	5.2847847886694	9.03484638888889	0.0505601427436598	3.51488611111111	0.0544300498166708	10.0335312770563	0.685977716972771	1207.04041111111	13.5062041399667	5.35974166666667	0.0999176970879434	1.5352280392489	0.0227032642774758	22.418	0.653811287758173	8.40223545085187	0.0870091157434878	21.8258848311699
2013.29339428571	552.594205555556	5.07815976128772	9.14349813333333	0.0523192284963316	3.99731432539683	0.145768062711636	9.81156415667666	1.04819174058191	1170.64739566667	16.3838152887733	5.88595255555556	0.1382935417253	1.4876885306518	0.025033244111928	22.46525	0.626919769366242	8.40916852172735	0.0833695883240093	21.6072794545123
2013.27875428571	540.073852592593	10.9151023510609	9.12836803247863	0.041511216179816	4.17246726984127	0.156632882877434	8.88155875132275	1.19631942316812	1139.49475466667	22.2630103041016	5.89365802116402	0.124762741805136	1.43759655179194	0.0359718420107596	23.1564	0.578043504706465	8.45925811106113	0.0754871535821646	21.3885276439524
2013.26411428571	542.190131770452	10.8353131236709	9.18740496459096	0.0338898320118219	4.15898663492063	0.152561923086168	7.86386934240363	0.805873883707151	1155.31381659259	27.1046392784445	5.94701341798942	0.113681778373331	1.45513861086985	0.0347315724011234	23.4686666666667	0.532341625602588	8.48359696160713	0.0690921373003164	21.1678870213523
2013.24947428571	547.543291347171	11.9224705354536	9.20402645925926	0.0382882914276409	4.10598182010582	0.147460889034404	7.84007353741497	0.864459803177211	1175.95801333333	32.320933804835	5.88259481481481	0.123299054678998	1.45455115657026	0.0322572969835199	23.6409333333333	0.493613647517847	8.49862761228967	0.0638862203438713	20.9472463987473
2013.23483428571	547.495192218152	13.5468350029483	9.2563298962963	0.0520158437015804	3.96891407407407	0.137308051198946	8.73523074074074	1.31504892329021	1196.97643442328	38.2574157071108	5.80751318518519	0.136211937767339	1.48367329464198	0.0346205189766934	23.9078666666667	0.512315061792724	8.51980783178074	0.0659679761503025	20.7266057763653
2013.22019428571	546.668438624339	13.9438899785268	9.23195261164021	0.0790425426845043	3.8684302010582	0.137463148816015	8.61469528390128	1.3584514134725	1206.97175130225	39.8879847243395	5.72204503703704	0.133413759472642	1.50427049797089	0.0429384130170393	23.8982666666667	0.463250045271929	8.52296876632472	0.0597034563786654	20.5059651537602
2013.20555428571	542.781216507937	13.5290404371912	9.20450912380952	0.0721387180917751	3.77544850793651	0.146763958348078	8.41662577700078	1.23362213543459	1212.60767867821	39.2088499746476	5.71479853968254	0.116691510078757	1.54565354332656	0.0485054295227526	23.9688	0.424572560403542	8.53134145740765	0.054685648579559	20.2853245311601
2013.19091428571	542.918666243386	13.3588984437891	9.18471181782662	0.0783529257468	3.74660584126984	0.148959516580852	8.18237219047619	1.06322989195356	1212.76635775987	40.8181161278836	5.76085125925926	0.103370801335855	1.57443392828469	0.0470898475642579	24.1086666666667	0.401534374578633	8.54420385471828	0.0516192890246074	20.0646839085551
2013.17627428571	541.110091640212	13.3461328261311	9.1804863045991	0.0686051158320434	3.72718201058201	0.145198241367715	7.96769521855922	0.915234327954404	1214.61857549754	39.243788297178	5.80133134391534	0.0980324600319787	1.58881625412633	0.0411679069308496	24.1358666666667	0.375055676713366	8.54976829771255	0.0482129116485268	19.844043285955
2013.16163428571	544.085657826618	14.1607414335771	9.18073010712251	0.072455291131666	3.77874302645503	0.143126946667536	7.69429383908684	0.824022196210344	1217.05426237444	34.8550972173698	5.82873792592593	0.119664927159438	1.57275090715717	0.0363396154243728	24.1158666666667	0.35821528332324	8.55105660763822	0.0460735585991809	19.623402663568
2013.14699428571	539.313041823362	11.7413841533208	9.19930272096052	0.0534275871008822	3.78059589417989	0.134765360403132	7.65513347559848	0.817093855355179	1223.96394713228	30.296383033129	5.83198666666667	0.129054856954016	1.56866984967363	0.0338733400587124	23.9934666666667	0.324142676796245	8.54336423180136	0.0417984310002435	19.575994397284
2013.13235428571	538.653400797721	13.0844756575096	9.19831389450549	0.0443150706349498	3.8276491005291	0.147660560587564	7.9087297004477	0.938699058992492	1218.86118948148	26.7167991349503	5.78306251851852	0.127934660056897	1.54256169662991	0.0379852123765647	23.9222	0.294636534766223	8.53897521747025	0.0380617753606778	19.5622527528488
2013.11771428571	529.893284493284	9.6116432000491	9.2120261978836	0.0448764472610513	3.82582696296296	0.162413818157817	7.93386226109076	1.14859808269129	1207.31371157672	27.2682867267035	5.75553111111111	0.114074313068533	1.54104962097982	0.0416098840849886	23.7292666666667	0.298339379560971	8.52665055287769	0.0386847481309776	19.5485111084139
2013.10307428571	526.723997037037	10.85881950347	9.17973074790395	0.0416981774111338	3.88269792592593	0.189124925614648	7.50660920634921	0.984636107055038	1195.7851420464	28.4750496140504	5.82916592592593	0.143045519306145	1.54147884025937	0.0417820455235004	23.5842666666667	0.332628771579579	8.51740846604458	0.0432354699296589	19.5347694639787
2013.08843428571	519.970408888889	7.761004867513	9.14704188669109	0.0542328048022925	3.93319911111111	0.196467048077435	7.1595196010656	0.935653109876012	1179.41823637607	30.4405736262361	5.89808888888889	0.171031968177575	1.53766732352102	0.0392317869847018	23.398	0.30863422641419	8.50541576095083	0.0403125566074056	19.5210278195439
2013.07379428571	522.658451851852	8.39392740300939	9.1403951968254	0.0496730603404043	4.03228488888889	0.207792683355479	7.01733769312169	0.795844100622225	1166.47586083516	30.2080717656331	5.96256296296296	0.174141342782417	1.51600611802385	0.038919012465268	23.3234666666667	0.283169238756221	8.49983373912418	0.0370782745549665	19.5072861751223
2013.05915428571	522.000434074074	7.49429871549214	9.14557568888889	0.047259459799955	4.11469464550265	0.204588904683133	6.89226968660969	0.790435245925411	1146.56586948148	28.2771548322847	6.02755377777778	0.184210362370996	1.49737140790475	0.0372820988811235	23.2622666666667	0.268460859374086	8.49463736368138	0.0352215770041777	19.4935445306874
2013.04451428571	522.738084444444	7.85449312988156	9.16998623703704	0.0445956851668389	4.21866050793651	0.195481549042307	6.90514049461649	0.771751536793742	1136.80440074074	25.4333900874799	6.15957362962963	0.172681499970521	1.49087157349439	0.0369702314909664	23.1501333333333	0.252742026706071	8.48605938340933	0.0332748166649939	19.4798028862525
2013.02987428571	521.710857354497	6.81909594123756	9.15472182222222	0.0452484368412355	4.3289824021164	0.186455527198324	7.07517626455026	0.852905157348254	1131.36408148148	22.226085371835	6.25004931216931	0.165056994196886	1.46874008784832	0.0364523396567712	23.0264	0.283075571266083	8.47668397151204	0.0373695414887472	19.5146390977343
2013.01523428571	525.240193015873	7.55341258372327	9.18365888042328	0.0463589758475834	4.44043239153439	0.186089430708178	7.33533503703704	0.797974722625355	1137.45500414815	19.8305785812796	6.33794852910053	0.146033029047441	1.4531546505452	0.0362888772153471	23.0477333333333	0.343154657159361	8.47695012244214	0.0451985212188113	19.5815097744399
2013.00059428571	527.55560042328	6.35695258547425	9.18599889198209	0.0424092215699692	4.5051995978836	0.187639100610948	7.53298061383061	0.733000472674457	1143.52192311111	20.0204777927718	6.40025142857143	0.157083687523476	1.44761605089991	0.0357610577455626	23.0582666666667	0.410590416545162	8.47649777743908	0.0539695128028974	19.6483804510808
2012.98595428571	525.831981798942	6.89333606350187	9.21428836955637	0.0491428774497875	4.50333593650794	0.208040915478666	7.82587491900692	0.686474576776101	1148.401988	20.4627858376726	6.46970965079365	0.189974526051592	1.46437065092591	0.0321860384047066	22.9856333333333	0.406038352829205	8.4684006611218	0.0534853778443356	19.7152511277863
2012.97131428571	522.294393439153	6.73775167985279	9.16564303516484	0.055498720394062	4.47373216931217	0.201820007436018	8.22528671202871	0.764945683577348	1146.46186548148	25.7518301584674	6.42267822222222	0.178415084572915	1.45923827871567	0.0299913449617809	23.172	0.434409418471956	8.47744222253331	0.056894761611467	19.7821218044933
2012.95667428571	521.54253968254	9.36616177866098	9.14856062857143	0.0605377157591837	4.407252	0.213500918920922	8.46861521733822	0.851316595783369	1148.609216	31.6679822901997	6.37115644444444	0.184047045899363	1.47111939798728	0.0338275783813531	23.3993	0.493262785657185	8.4891138653576	0.0641665611258517	19.8489924811989
2012.94203428571	520.246850793651	9.01764180771736	9.12577379470899	0.0617470156902663	4.33970612698413	0.19077444225209	8.45622639153439	0.926064240993974	1151.60999718519	33.4639266705002	6.27657481481481	0.163674705639727	1.46933496390423	0.0323532925483254	23.4845666666667	0.514795139251359	8.49138500358564	0.0668147035129909	19.9158631579059
2012.92739428571	520.966768888889	8.01397085732045	9.18561104126984	0.0459093410835356	4.28219238095238	0.182690410456278	8.4689153039553	1.01058862647989	1158.70651703704	31.8002105609476	6.30533644444444	0.140151972791107	1.50036390214085	0.0394188710991912	23.4404333333333	0.511849747453541	8.48515497648891	0.0664992039013921	19.9827338346114
2012.91275428571	519.107835978836	7.94339471502786	9.19958819047619	0.0521489481291219	4.24773111111111	0.16419421620122	8.46570084907685	1.06703555456143	1160.88895318519	29.2762228839141	6.24015902645503	0.147093786228275	1.49765207221625	0.0374706751930045	23.4527333333333	0.558564882761142	8.48254336355907	0.0724839600501159	20.096563311951
2012.89811428571	519.155416719577	7.93924861116294	9.22008811428571	0.0559391558415686	4.20520740740741	0.169093020302572	8.38791782539683	1.15548657195178	1162.30412281481	29.6621146917373	6.26660512169312	0.175558199811257	1.51684271073532	0.0333806307704563	23.3726	0.532801917985966	8.47359523060304	0.0692957682282529	20.2910596402206
2012.88347428571	510.80960021164	6.79037177218994	9.166207201221	0.0572677305734023	4.14796755555556	0.174808659325643	8.01542918270618	1.20882209275795	1161.49074725926	30.9126014825639	6.15535557671958	0.18850824000439	1.50977756166908	0.0286506950981514	23.3150666666667	0.500885192307594	8.46613250048329	0.0652733292613252	20.4855559684947
2012.86883428571	501.704267936508	7.70661287179919	9.09240390850631	0.066617206280724	4.11659155555556	0.180716350746345	7.55883187579088	1.22212952558568	1151.6331597037	32.9796532169878	6.07344432804233	0.192353886748692	1.49981795929305	0.0265420429639776	23.1742666666667	0.478533508471621	8.45315847058832	0.0626049205482584	20.6800522967643
2012.85419428571	496.892294603175	8.22305774689209	9.02660343068783	0.0513146141167154	4.14970207407407	0.182617272770135	7.18379587109187	1.20790790003901	1128.05128	32.7752810530017	5.99779737566138	0.178001312526871	1.47584628095688	0.0371570792137235	23.1778666666667	0.461175948931659	8.44973847109059	0.0603530487086843	20.874548625034
2012.83955428571	500.472494603175	7.96465441045053	9.07591048888889	0.0456925942424009	4.19644355555556	0.168204165166035	6.84784487445887	1.13566899631875	1104.91195733333	32.2735119268298	6.02682520634921	0.160837038082603	1.46413528274962	0.0360200369719279	23.0962666666667	0.406533492636118	8.44067195249738	0.0533866883699456	21.069044953308
2012.82491428571	495.920263703704	7.49801487431156	9.04859240634921	0.0477357275994117	4.20120414814815	0.16265584622046	6.32982053095053	1.00205161845697	1085.29592162963	29.1649549784249	5.98051047619048	0.139869436225009	1.45505115613403	0.0464508807845191	23.1104	0.392968783444569	8.43600049848775	0.0516033892000607	21.2635412813854
2012.81561904762	491.803324444444	7.06723305126269	9.03488737777778	0.0528435716277848	4.15962044444444	0.147230789808758	5.90948524297924	0.879382627164092	1081.99614637037	26.6273897723275	5.90808088888889	0.12666193962883	1.44834963680384	0.0441577267255611	23.0318666666667	0.347992143680705	8.4263052487096	0.0458503306935292	21.4580376096595
2012.80632380952	484.356942222222	7.8819599944736	9.00022662222222	0.0687850437748389	4.09157807407407	0.145661563138129	5.58500497354497	0.809640780850004	1085.28258681481	25.2720076000592	5.7750837037037	0.131472995268159	1.44132360529852	0.0516896607207632	23.0244	0.319609297200727	8.4213412161629	0.0421521887697089	21.6553072450039
2012.79702857143	481.112518518519	8.25964318134137	9.01325686560847	0.05443087878976	4.01861111111111	0.145208237632726	5.44303936507936	0.83070873596159	1095.17968	27.7167358493844	5.73095585185185	0.143976248300635	1.45361819610974	0.0503721468108836	22.9532	0.312138113508687	8.41213554234747	0.0412613428496549	21.8706128522823
2012.78773333333	470.087952592593	9.84501794520784	8.96144428359788	0.067729001282347	3.91532607407407	0.145189070653083	5.30188732659933	0.838467399686541	1099.0687597037	30.5351442252748	5.60664323809524	0.164172341899054	1.4604631590244	0.0564740840597193	22.8201333333333	0.356815997221279	8.39878244157842	0.0472967691818447	22.0859184595558
2012.77843809524	466.545961481481	9.20383429317495	8.89941812665853	0.045350278742864	3.90462903703704	0.138400397619405	5.386226	0.792725598330756	1094.04400607407	31.859068090301	5.46115104761905	0.176013682516006	1.42286986337516	0.0495467928661455	22.7861333333333	0.333944818177048	8.39205595515329	0.0443421378950806	22.3012240666213
2012.76914285714	464.374743703704	8.8781990358323	8.88326183980464	0.0606499810833934	3.86826933333333	0.130886898216678	5.8032137989418	0.841420362758299	1090.86142725926	30.2269065381773	5.35018838095238	0.161885261174235	1.40814338680181	0.0518079163245481	22.6178666666667	0.345190214873546	8.37628789637473	0.0460704226323916	22.5165296738948
2012.75984761905	466.810373333333	7.84681775800589	8.90443373968254	0.038018963210255	3.88407644444444	0.123054338246213	5.58180349555207	0.585792863057962	1087.48448266667	28.1654937165213	5.32395053968254	0.130662273898133	1.39406344212424	0.0450244278596993	22.5658666666667	0.342989294108454	8.36833996415726	0.0458604032339061	22.7318352811732
2012.75055238095	463.950675555556	6.85372084983808	8.90765057037037	0.0629228169351789	3.84320162962963	0.118801950273971	6.64021446845747	0.837839176433026	1095.06755525926	28.1436241200042	5.329496	0.124950833274532	1.41241931504398	0.0532637299473364	22.4357333333333	0.313274008568289	8.35508506230632	0.0421210846090485	22.9471408884467
2012.74125714286	463.833137777778	6.7884260533061	8.91534454603175	0.0558775751608823	3.84176059259259	0.115951613399493	7.023192998557	0.784871471146906	1109.50650844444	29.3433134612085	5.26434266666667	0.12234685045827	1.396914295886	0.0522971289285249	22.7004	0.273449234428484	8.37063555721446	0.0364788188917089	23.1624464957251
2012.73196190476	459.67853037037	5.89072721614453	8.9197037037037	0.0520216770743103	3.79681377777778	0.116122317288796	7.17873592414376	0.716708390268536	1126.03760933333	27.8795104150976	5.19361479365079	0.088993498579922	1.39682017837041	0.0526584624334995	22.6569333333333	0.27089895263674	8.36547920982519	0.036194372696869	23.3777521029986
2012.72266666667	456.531056296296	6.02163730219769	8.96768551111111	0.0547357955258848	3.73886192592593	0.113613502720275	7.20477305250305	0.725526856497019	1137.61048814815	23.6006655415712	5.17751223280423	0.0846348505489283	1.41574139708695	0.0538377468452491	22.8416666666667	0.310439836463512	8.3756697585895	0.0411783943689343	23.7742159875382
2012.71337142857	449.306638518519	5.65228409770664	8.9692348952381	0.0575030588662595	3.68554266666667	0.10373833925939	7.01779269352869	0.725100142648281	1147.08984533333	21.9038352648376	5.17188416931217	0.0780895262281318	1.43139150207591	0.051575404935983	22.7581333333333	0.30128793168293	8.36784114521452	0.0400814585215929	24.1911213808253
2012.70407619048	448.230748148148	6.2313881960903	8.97552583919414	0.0561200630313156	3.66387866666667	0.11401023079742	6.88077409361009	0.706860233806967	1147.57222177778	20.275587286739	5.20139980952381	0.085513478628595	1.45025377156191	0.0530674474092232	22.8208	0.267409926089943	8.36982409728207	0.0355402033676704	24.6080267741029
2012.69478095238	448.550481481481	6.96580293128078	8.93966376573057	0.0760745382980818	3.67787555555556	0.127719954355612	6.82016218662819	0.637195771190558	1147.96780488889	19.5527926474194	5.19996281481481	0.109725181628182	1.44495920260919	0.0580099746997237	22.5782666666667	0.183520064211666	8.35127156683718	0.0246600462860478	24.8712948094265
2012.68548571429	454.452551111111	8.54755932263142	8.97330857533577	0.0673483572629684	3.6912139047619	0.124610797326816	6.9167394021164	0.584210376746961	1144.82548533333	21.7219588208043	5.22316520634921	0.143155690409796	1.4433197236169	0.0546963817184474	22.4552	0.157957414393579	8.34070742377862	0.0213413112077845	25.13456284475
2012.67619047619	458.132223703704	9.15835772245681	8.97927171691272	0.0669462983494049	3.7005488042328	0.115695382598277	7.0583324973545	0.528617158020119	1143.40844696296	23.5095624885213	5.21729453968254	0.140745123753478	1.43660544358212	0.0516441717912479	22.2638666666667	0.189237614972909	8.32543395274958	0.025727644855607	25.3978308800736
2012.6668952381	458.895306666667	11.9583561047598	8.99458045185185	0.0664803012325345	3.71215694586895	0.115421227378225	7.10849902645503	0.524551351582056	1134.06165866667	23.0061964761344	5.24920592592593	0.125841269485546	1.44280018697339	0.052689677821167	22.3385333333333	0.216029051544257	8.32832344685781	0.0292541599137159	25.6610989153877
2012.6576	453.797162962963	10.8983015850294	8.93873945006105	0.0527836135887444	3.74822903703704	0.115662221974479	7.18814700895401	0.581316781759089	1127.142556	19.8714867902984	5.23161574603175	0.123960783774125	1.42557117821081	0.0571305202399198	22.2986666666667	0.245881401273182	8.32299573641089	0.0333106860809025	25.9243669507113
2012.6483047619	452.792306666667	11.674580716324	8.93808281058201	0.0540746463078869	3.83686395767196	0.12727518574852	7.30035774891775	0.659300428382267	1120.36821925926	21.7545286769718	5.23315875132275	0.113041719059469	1.39515644188291	0.0520744439720461	22.1968	0.238715914046483	8.31340186274305	0.0324789502271408	26.1876349860348
2012.63900952381	451.796951111111	11.7609270473522	8.87443503280423	0.0455990140128553	3.92788327228327	0.141191372834378	7.48490873260073	0.722875181055888	1110.33798755556	23.90581790109	5.15215288888889	0.0947070254539134	1.33506463946315	0.0471103305406767	22.0977333333333	0.271327590906825	8.30397214027534	0.0370171565014203	26.450903021349
2012.62971428571	450.972442962963	11.7996119045968	8.86025027407407	0.046001348731371	3.9837300952381	0.160356117619085	7.5928575022015	0.796878257516701	1099.08272740741	24.2228557401782	5.16037197883598	0.0896342217089644	1.32050429430024	0.0413405530720487	22.0476	0.298142069043155	8.29790168255091	0.0407160523372081	26.7141710566725
2012.62041904762	446.031257777778	8.3419831315905	8.81561423492063	0.0436041784550576	4.05366158730159	0.152754765739584	7.70437714448514	0.833245257345588	1094.59146804233	22.6219870449883	5.14665549206349	0.103962252770962	1.29361849634763	0.0401367224347872	21.8765333333333	0.318682494127764	8.28341921513507	0.0438007186995097	26.9056462026794
2012.61112380952	445.485635555556	6.36825291233516	8.86838315555556	0.0608578799396518	4.10612444444444	0.153758192385229	7.99758717460317	0.870624425614341	1098.37612539683	21.7877589573476	5.20419644444444	0.106868031974696	1.29730593408006	0.0452881493491083	21.8769333333333	0.361843737210871	8.28084304738993	0.0496434761533475	27.0383640244886
2012.60182857143	447.508174814815	4.89309461858795	8.90625012486773	0.0620851330964702	4.15434814814815	0.160616633461663	8.50682204639805	0.905335780802407	1109.68310565079	23.5416251968536	5.2276602962963	0.118235956346064	1.28904378897834	0.0461218069764423	21.9759333333333	0.346001712996953	8.28512532500287	0.0473023727987307	27.1710818465008
2012.59253333333	444.378685925926	4.85642841159257	8.94951195343915	0.06346370726788	4.1090962962963	0.171978855301018	8.94567955703556	0.936935616519034	1122.42738789418	24.9447661755751	5.27967777777778	0.109048351676505	1.32151013995959	0.0470979957293145	22.0816	0.291837932845645	8.28983812252321	0.0398093750544604	27.30379966831
2012.58323809524	443.25884	6.18423737066959	8.93798950476191	0.0611173420713144	4.09577288888889	0.171716167690362	9.02826885758686	0.936861436610003	1138.95264696296	25.5312035941414	5.30513585185185	0.128917893259937	1.32809818839517	0.0455589559164957	22.1949333333333	0.239398123608565	8.2950927939711	0.032573343877587	27.4365174901192
2012.57394285714	443.409841481481	6.18656466024009	8.96871634074074	0.0442046689807855	4.07979348148148	0.160904614656999	9.00958190720391	0.939367658266544	1147.35118962963	23.4470665800479	5.28848088888889	0.114369740956913	1.3286660048696	0.0475805483234267	22.3024666666667	0.223388469384542	8.30455560924906	0.0302846688846881	27.5692353119237
2012.56750769231	450.870548148148	5.9243087205301	9.01301368888889	0.0506774697392642	4.14391286772487	0.135169099857386	8.9048599015059	0.984248855422566	1145.93191066667	19.9305436525997	5.34478044444444	0.117824334033154	1.31184173008137	0.0442519056029833	22.3790666666667	0.24974812963057	8.31123475478211	0.0337260423267214	27.7019531337329
2012.56107252747	451.963654814815	5.8442345551548	9.00467365925926	0.037877822577625	4.16803062433862	0.117977027600207	8.66510941798942	1.05499333699595	1140.93087119577	17.667501744354	5.3872126984127	0.097362341077039	1.3137911825126	0.0414222516572721	22.3229666666667	0.310823301765867	8.308854972667	0.0419691976131613	27.8346709555421
2012.55463736264	461.50949037037	6.67119389353777	8.99866452698413	0.0414803615636205	4.27511466666667	0.112083725094992	8.37415379124579	1.06755876433422	1138.95836249735	16.7803301797515	5.48802796825397	0.0982617547231196	1.3051073232294	0.0351459405681651	22.2879	0.348043005689705	8.30790674725459	0.0469937483016452	27.9673887773513
2012.5482021978	460.485244444444	7.17136177868542	8.98106266666667	0.0419374973447227	4.29853733333333	0.128797640571989	7.84251898601399	1.02687912489986	1142.55868247619	19.3823147685968	5.53632736507936	0.0987952181481275	1.31397073694626	0.0350211408607269	22.0784666666667	0.413504590481419	8.2949601987349	0.056149545430964	28.1001065991558
2012.54176703297	465.757103703704	7.12640154356135	9.0163904021164	0.0393646311631197	4.33358321693122	0.144411288868222	8.25708142857143	1.06568291228544	1145.23297037037	20.8400678382833	5.52440474074074	0.093328930172999	1.30217391993049	0.0380368776940625	21.9736	0.463255938722759	8.28915177884228	0.0630501099897813	28.232824420965
2012.53533186813	458.988023703704	7.6306276250124	8.99052953227513	0.0444257544548044	4.26289777777778	0.158560757138736	7.83463555555556	0.947921191765222	1150.18873525926	23.8843316380061	5.45166177777778	0.0968681644920011	1.30684352707621	0.0395428775366237	21.9572333333333	0.472926327864395	8.28946692047188	0.0643850367177894	28.3655422427742
2012.5288967033	462.472648465608	8.02839901006586	8.97746442751323	0.0423963386767205	4.22963722751323	0.169234127512095	7.33937952040552	0.791621066125523	1146.92838844444	28.3722786526156	5.36907065608466	0.0990316856033526	1.29975803666675	0.0424805670373086	21.9772666666667	0.480085909640057	8.29230918700972	0.0652896331924246	28.4982600645834
2012.52246153846	459.715851851852	8.50383795364725	8.97723232910053	0.040332972257695	4.16308535449735	0.171635021417098	6.76278871458172	0.641922816582067	1144.58321555556	30.5920669012996	5.35408222222222	0.110316572787294	1.31386201337342	0.042956356326315	21.9228666666667	0.500759868948388	8.28998257278234	0.0681968388994232	28.6430955085089
2012.51602637363	457.046832804233	9.87179896164647	8.95509351957672	0.0413330478537291	4.11283888888889	0.16119985960599	6.27823263492064	0.535297082379297	1142.04519496296	28.8365904577705	5.35613157671958	0.107076616063903	1.32609706766769	0.0377279829052726	21.9501666666667	0.456253578372573	8.29333299424066	0.0621724396517749	28.7995879631717
2012.50959120879	459.459011851852	11.395945649487	8.93528374708995	0.0419515292397882	4.11564120634921	0.150657077320817	6.07731853968254	0.526548979066849	1145.14530696296	24.7882548239762	5.32621911111111	0.117652938782775	1.31312845631712	0.0293004506160325	21.9831	0.448967355372833	8.2970723134434	0.0611152161927162	28.9560804178344
2012.50315604396	463.66833037037	12.3255439975962	8.90020306243386	0.0337896481540033	4.13751968253968	0.137947057421195	5.95278426862027	0.536079500620463	1150.39069466667	21.7590952827571	5.35393674074074	0.11074009738509	1.31227196662825	0.0264960200678211	22.0068111111111	0.404582184006563	8.30016989832348	0.055114174202604	29.1125728724916
2012.49672087912	474.91104	15.12218496989	8.93063354285714	0.0544962762982217	4.20212177777778	0.146165393817508	6.04744932652533	0.606658515872573	1150.54537422222	23.555506036617	5.42305955555556	0.116370862622476	1.31033107985606	0.0272074764993893	22.0033	0.389444347145789	8.30214103520571	0.0530906408748812	29.2690653271544
2012.49028571429	479.215774814815	16.054073575502	8.979272201221	0.0492841422298957	4.18999214814815	0.144942170985331	6.21479984045584	0.694811599268232	1150.46316044444	27.8921944536471	5.45481792592593	0.109267280266274	1.32599471760838	0.0338354268959273	22.1776666666667	0.351223001560827	8.31712397024602	0.0476179362794547	29.4255577818171
2012.48385054945	480.54513037037	16.1402299858866	8.92497478827839	0.0464095799589418	4.20079644444444	0.154694390851091	6.26997837037037	0.771373440621102	1147.20273940741	32.714074405851	5.44893583068783	0.122671505839546	1.32209227892451	0.0379181877078242	22.3427333333333	0.386122118194141	8.33138342796164	0.0519599332934089	29.5820502364798
2012.47741538462	481.081260740741	15.2116782558579	8.89122587195767	0.0450283082497079	4.21053274074074	0.168185451878178	5.95370566884967	0.698735341864036	1141.56090340741	33.5158367804079	5.39916428571429	0.125332385583299	1.31347916297252	0.0395316045247182	22.4389777777778	0.394674280635836	8.34089425944499	0.0529131421372142	29.738542691137
2012.47098021978	485.055798518518	14.4652785719671	8.90656003174603	0.0490751154107545	4.22757228164428	0.187680213107238	5.55094515099715	0.645963432361036	1139.648276	33.0550789592768	5.42510182010582	0.138093460110772	1.31772487393576	0.039808072365784	22.5248333333333	0.42709698816731	8.3496783267261	0.0570313965013227	29.8950351457998
2012.46454505495	490.969629206349	13.9196840973279	8.98784662010582	0.050737550103769	4.18129512250712	0.186875037103813	5.18745037118437	0.595697650614948	1134.52546814815	28.8319355529554	5.44503398941799	0.125535163547512	1.33702307951521	0.0456341310489559	22.6353333333333	0.555759640292256	8.36010958888496	0.0736642686297007	30.0515276004625
2012.45810989011	491.899294603175	11.7433938129448	9.00847697826618	0.061638344718033	4.08658128774929	0.169860848115491	4.84900349206349	0.541897751486696	1134.89479466667	23.6323297529898	5.45089030687831	0.114743617941963	1.36301166300894	0.0491269543322222	22.6517	0.486110965677983	8.36417403019759	0.0645288986375139	30.2080200553647
2012.45167472527	494.576276825397	11.2798083788075	9.00092622857143	0.0651687699912281	4.0196582987383	0.150946585290772	4.56224899470899	0.458460223855334	1132.9726602963	19.8453469178621	5.51047183068783	0.117989852225003	1.39768312228377	0.0467231600310225	22.8342111111111	0.549357211798665	8.3794066516042	0.0724016530436824	30.3645125100274
2012.44523956044	497.472652698413	11.1981989149379	8.97915537354497	0.0518449161294214	3.97335392592593	0.141977807104713	4.45565384126984	0.40068015949755	1144.16384562963	18.6357821538052	5.56716603174603	0.11192603056951	1.4272761744645	0.0443906593220574	22.9319666666667	0.499960461452576	8.38891154902577	0.0657948255867193	30.5210049646902
2012.4388043956	502.410417777778	13.7319532713515	8.97782714285714	0.0586713798908566	3.92660444444444	0.130407428052575	4.42529257142857	0.363773563511697	1163.24423644444	19.2871369492367	5.57643657142857	0.113206922152089	1.44274489509616	0.0389995206900877	22.9694666666667	0.443933863228111	8.39438261412132	0.0584454103912257	30.5449080645107
2012.43236923077	507.498997037037	13.9757540147954	9.00120442328042	0.051389154976819	3.88294311111111	0.125514834813649	4.46149974603175	0.412059070667947	1185.04651125926	22.3154611944563	5.51278785185185	0.112559502044576	1.44220388735523	0.0345050775880488	23.0656666666667	0.375563217260064	8.40376005622497	0.0494000699885078	30.4189641474677
2012.42593406593	515.29304	13.5438862404658	9.02870377777778	0.0480375148277479	3.84871511111111	0.125207558022364	4.40610814814815	0.423969000208628	1196.90027940741	28.1067247628708	5.46416547089947	0.121837713975778	1.44340969900407	0.0395536036522084	23.2442666666667	0.330340711079978	8.41857589346771	0.0432933832655369	30.2540921107077
2012.4194989011	521.948783703704	12.1947550979736	9.07523082751323	0.0554271122278906	3.83931729100529	0.126534820626665	4.23759955555556	0.382025707434087	1206.32158888889	33.7269040315196	5.50183125925926	0.121576626046187	1.46027602292357	0.0490053875256566	23.1628	0.266501982481682	8.41615935262909	0.0350610221219636	30.0892200737506
2012.41306373626	526.878917037037	11.4169859804242	9.08535031746032	0.0729423102915838	3.83317701587302	0.132818953262611	3.97600311111111	0.287654496426069	1213.29769333333	37.9302266519625	5.55633968253968	0.107441189493719	1.47688624411025	0.0522372583388636	22.9986666666667	0.232755638603208	8.40759382198795	0.0307962136357585	29.9243480369906
2012.40662857143	532.305398518518	13.1344493909983	9.10143662539683	0.0841632297654362	3.82302192592593	0.160196453778086	3.81570488888889	0.226363505883815	1224.3116242963	42.7541436859613	5.60013638095238	0.10281974674011	1.49995290603938	0.0597653506331411	22.9070666666667	0.235586875426064	8.40332393202057	0.0312559128726804	29.759476000029
2012.38088791209	532.801571851852	12.418053519254	9.09120086349206	0.0733923897938279	3.77755456084656	0.183717780544705	3.81260577777778	0.225752762464947	1235.3049550582	45.5107276697414	5.63244074074074	0.114821218540585	1.53548395641334	0.06757228247281	22.7078666666667	0.199402580741447	8.3973477576062	0.026658454059092	29.5946039630719
2012.35514725275	534.878868148148	14.6410683288565	9.14367247407407	0.0548711185763301	3.74053466666667	0.192269155227054	3.80810725925926	0.244337185171711	1246.11432093122	45.5594756356267	5.66757259259259	0.119184443564205	1.56955023610449	0.0697582352113098	22.6922	0.215582051554347	8.40369742209675	0.028821447999162	29.4297319263119
2012.32940659341	531.491752380952	13.1082214130603	9.17112862222222	0.0501552937916722	3.68252888888889	0.189570245300656	3.81903911111111	0.235822103976182	1258.65790228571	47.0107463963711	5.64236977777778	0.127960386829735	1.58609642474998	0.0707804570817815	22.7932666666667	0.24674711300799	8.41814558749631	0.0328441334682683	29.2648598893547
2012.30366593407	532.032579470899	15.1583726804699	9.22802162962963	0.0664867794626147	3.61667985185185	0.172304502404743	3.80631881481481	0.241960779236272	1277.04289365457	46.6527579235263	5.64682503703704	0.131401576461805	1.61204287996046	0.0652954668155113	22.9536666666667	0.341640352064463	8.43782987503423	0.0451230922030188	29.0999878525948
2012.27792527473	530.562951746032	14.9811967547683	9.23796428148148	0.0489205343389819	3.54469678306878	0.157095060338365	3.81317407407407	0.289809386740492	1290.41035897946	46.4839949219517	5.63307627513228	0.116219345858221	1.6337888099397	0.0643882193353425	23.0834	0.4270842734949	8.45545245299258	0.0560758677457081	28.9078716275878
2012.25218461538	526.969247724868	16.283798009131	9.26441277883598	0.0484870241072912	3.47958732275132	0.136674029397086	3.72864270899471	0.34392820664202	1298.36510515573	44.9576722297407	5.66518448677249	0.106664917722411	1.66730893824175	0.0598110350545997	23.4283777777778	0.466265620890052	8.48727442671606	0.0606486478366364	28.5739932720429
2012.22644395604	521.566188148148	15.7048233018922	9.25198723386243	0.0417113597000903	3.46417811640212	0.128194118493663	3.60526162962963	0.342911605531041	1290.66460497621	43.2699645796498	5.5879697989418	0.0999153247724196	1.65087858881031	0.0651867198270813	23.6000666666667	0.462179438114541	8.50124276213691	0.0599011638546489	28.2401149160986
2012.2007032967	516.926339259259	11.854278511647	9.18130380740741	0.0473650712648816	3.50721968253968	0.11814057165999	3.53952812698413	0.34372860578756	1287.01869238665	40.1124181027869	5.53983388359788	0.0771132050953731	1.61875916569833	0.0604234537086853	23.7911888888889	0.458084269085694	8.51584244259307	0.0591547749258243	27.9062365601544
2012.17496263736	521.901358518518	11.2539752212102	9.15640914188034	0.0484152953382088	3.54501185185185	0.12189102601256	3.57790491005291	0.305516160370589	1285.84449274888	34.1790448865447	5.65578516402116	0.13013694723054	1.62915669148366	0.0543118558885764	23.9212777777778	0.376167858957773	8.52642542177263	0.0485278117460854	27.5723582046095
2012.14922197802	527.894362962963	9.5320227280262	9.14470967179487	0.0608000390868661	3.5505788994709	0.135982598093839	3.61232044444444	0.291600760948969	1300.15493826455	30.4000169729274	5.68165333333333	0.136178715194254	1.62996765493944	0.0472310604378509	23.9941	0.344444356554008	8.5298953408169	0.0444012658182302	27.2384798486652
2012.12348131868	538.059902222222	9.85425642046361	9.22027174114774	0.0491060416337557	3.48510012698413	0.142231172711542	3.58380234920635	0.262960271532355	1319.65040196825	29.0818166240037	5.74149688888889	0.124233231134181	1.67524104464137	0.050096519659778	23.9394666666667	0.312425562436066	8.52348856345594	0.0403344617144672	26.9046014931203
2012.09774065934	543.923776296296	7.91490299709271	9.27023153756614	0.0655300994935701	3.4407940952381	0.136422223556108	3.51468281481481	0.236160886441914	1331.46175906878	29.9518299483131	5.67363955555556	0.105280029883678	1.68278935672986	0.055031788142305	23.8464	0.326271881951818	8.5145810790605	0.0421853982702807	26.5707231371761
2012.072	552.606975286935	9.48149509621575	9.39779287619048	0.05738851041452	3.39773371428571	0.125452810247986	3.50844385185185	0.193144844789251	1338.44347303704	29.7161139101486	6.05593866666667	0.302814206863884	1.78408387831573	0.0684543748497207	23.558	0.267894719903885	8.49551274529564	0.0348903317252862	26.2368447816311
2012.06322949309	547.408540626781	10.5924575026701	9.36133888359788	0.0669646075155311	3.37364222222222	0.116069641064784	3.5087684021164	0.182419275646616	1340.74053506878	27.1921472075744	6.62610617989418	0.818021384120104	1.93893255549119	0.180084609900923	23.4166666666667	0.267405215368641	8.48728745502616	0.0349451371490819	25.9029664256869
2012.05445898618	541.011013219373	10.7472452221102	9.32692942751323	0.060536077367241	3.3668522962963	0.114874000148908	3.51387985185185	0.196166360508868	1350.81386131217	25.3647606229934	6.57739316402116	0.861192716054078	1.92501858455633	0.192919818137635	23.2342666666667	0.265086427355785	8.4763113985094	0.0348079464616387	25.594572458189
2012.04568847926	530.718479055759	8.47630829595793	9.26695336084656	0.0568865362906003	3.38719140740741	0.112775700510568	3.47739437037037	0.173084978157731	1353.69922874074	24.5867193135592	6.17183485714286	0.561545192190678	1.82740616396482	0.144488134530113	23.0614666666667	0.306769059510596	8.46590809735005	0.0404299616048451	25.3881740952127
2012.03691797235	528.379921904762	8.94761502601126	9.33847836939357	0.0400495088981756	3.37051807407407	0.11015722160012	3.4176842962963	0.155435938189862	1356.40710566382	24.2136745253583	5.57956704761905	0.115077817585088	1.68626101231887	0.0417872596660711	23.0961333333333	0.316319215902554	8.46926915956931	0.0416370854659434	24.7984644862131
2012.02814746544	524.779675767196	10.5975873337663	9.27049192380952	0.0633295750247557	3.3783317037037	0.105115128932118	3.39230044444444	0.135806056470858	1355.1165234302	26.7906867205098	5.54173777777778	0.127628663796596	1.66702738114962	0.0365009588650461	22.9924	0.343597838010826	8.46342465131965	0.0453279690646902	24.2087548774659
2012.01937695853	520.857226031746	10.3595130477801	9.25403068571429	0.0736448625806135	3.36037244444444	0.0886611413623151	3.34206203174603	0.151230443461077	1352.85763894039	26.5785717058012	5.57858755555556	0.112999073105468	1.6790637544924	0.032538747491701	22.8349333333333	0.357968068097949	8.45395980246037	0.0474263120569063	23.6190452684663
2012.01060645161	518.510903915344	10.2997748223773	9.21154216507936	0.0666844819783062	3.41100814814815	0.0729944076894992	3.27186516402116	0.185347691897937	1347.47121106138	25.6804112851524	5.53322562962963	0.0956155473500188	1.63775088793573	0.0311220970215606	22.8085333333333	0.329352638724697	8.45324854953497	0.0437076359494224	22.9184152292899
2012.0018359447	515.917473227513	11.8562817342314	9.25500361481481	0.0427201739204916	3.44598844444444	0.0800346077405041	3.1329402962963	0.195605419155633	1332.0353937043	20.8379456586936	5.54243318518519	0.0794052045945746	1.62668435386325	0.0360684974796461	22.8662666666667	0.301099184207063	8.45817582263657	0.0399200010213274	22.2098854914688
2011.99306543779	521.410703215303	13.1150870586147	9.26411367407407	0.052240229122925	3.53960412698413	0.0903038252277281	3.02616474074074	0.19561747807359	1318.77353984208	19.3439768769451	5.59053911111111	0.078853521651325	1.58552814979279	0.0365662233997524	22.8712	0.347226935536264	8.45748613476732	0.0459667195071134	21.5013557533445
2011.98429493088	516.897551339031	12.0936911351146	9.25447859259259	0.0418686536740067	3.56575147089947	0.110020433993616	2.8961877037037	0.165529951353958	1303.70644084656	21.0889205179219	5.67004962962963	0.0784191965036512	1.59621353624549	0.0434716143068402	23.1754666666667	0.288552081073874	8.47617632714811	0.0379265840691954	21.0355020337612
2011.97552442396	517.440721253561	12.6975149026402	9.21747518095238	0.0553464675499761	3.64420006349206	0.118335994760417	2.83805022222222	0.172228887413309	1288.15479867806	25.953109027302	5.68979051851852	0.0781646091015671	1.56899420575673	0.0435832436747528	23.2988	0.27659100284923	8.48276500000056	0.0362459359987906	20.8697953530887
2011.96675391705	510.814491330891	11.4816697381556	9.15652678730159	0.0521929376979342	3.68251176719577	0.133685134324943	2.76736948148148	0.193688740685135	1260.61553705983	28.5866627211356	5.66851913227513	0.0921848994268507	1.56902847844972	0.0461795494913627	23.4716	0.316627357961254	8.49257719163905	0.0412758983497898	20.7040886723452
2011.95798341014	511.31221037037	12.2228173702815	9.13832785185185	0.0542264931302432	3.75784693121693	0.127713352361492	2.81562444444444	0.264461777887575	1232.45527371429	32.52356709641	5.63104427513228	0.0914734751810781	1.52446056425159	0.044436311981814	23.4764	0.345629595293657	8.49132646038996	0.0450227860997607	20.5383819916711
2011.94921290323	501.405583492063	10.3185952784428	9.07275667301587	0.0540572290629707	3.75252622222222	0.136953143005486	2.82810311111111	0.325123702900076	1213.64895657143	34.804557714506	5.57231777777778	0.10555651720932	1.51059270176165	0.0490591827365799	23.3884	0.416930835876602	8.48397420071378	0.0543377886637568	20.7469432916423
2011.94044239631	501.662983492063	10.4212652981049	9.09399579259259	0.0649215286973109	3.78611788359788	0.138923414039766	2.92964503703704	0.405616797852978	1206.7192562963	35.5314238487895	5.56365068783069	0.0973779474674062	1.49207248674057	0.0466227980684835	23.2641333333333	0.381159857311072	8.47421328162379	0.0498667405684348	20.9708514417587
2011.9316718894	495.306009312169	9.96529923134511	9.0579245037037	0.0563000485463443	3.74578347089947	0.147318800238766	2.88039705982906	0.421813092162814	1203.40719081481	33.2381019714141	5.5516362962963	0.119762003442967	1.51122602997734	0.0448087998360008	23.2494	0.406928913881013	8.47167663163299	0.0532254927022979	21.1947595917813
2011.92290138249	500.441203597884	11.3953877091717	9.10098093333333	0.0836583490314122	3.72639140740741	0.148056640829856	2.85329447293447	0.425413581601753	1202.99509718519	33.5695283200597	5.58607481481481	0.156748886892813	1.53424666589042	0.0627164408668875	22.9898666666667	0.364386684544065	8.45288743500315	0.0480467071903998	21.1973250000275
2011.91413087558	495.633442962963	10.80869259713	9.0727641968254	0.0752359413875869	3.63605362962963	0.134917635403597	2.67035716239316	0.300628027055188	1201.56785407407	34.6767248554379	5.55574136507937	0.202713232799623	1.56397917364734	0.0774166959671035	22.8368	0.379867234952524	8.44088816046285	0.0502929889159827	21.1123084285521
2011.90536036866	496.366084021164	11.6020384907499	9.09364117883598	0.0839789591254002	3.59856562962963	0.128246448302906	2.65463244444444	0.230362712546071	1203.34976666667	35.6358376504055	5.5497742010582	0.203433694834012	1.58137452251935	0.0813628466020164	22.698	0.368139725026867	8.42928135252083	0.0489692569110431	21.0272918571784
2011.89658986175	487.58641037037	11.756904658222	9.04986558730159	0.0731901903467525	3.56598074074074	0.115437391821008	2.64999837037037	0.193937516826675	1206.67984977778	32.1983516993708	5.46056682539683	0.155500405676798	1.56230489010031	0.0613774727385184	22.408	0.313572107603127	8.40736415525773	0.0422031742493658	20.942275285703
2011.88781935484	485.514807407407	13.2674981127297	9.09219079365079	0.0717009235817123	3.56698444444444	0.108467089322533	2.69815881481482	0.194481243492526	1212.03615007407	28.9067235747772	5.47046607407407	0.137940040132183	1.56278608828629	0.0553829729052928	22.2944	0.292071237233398	8.39733113396701	0.0395068668586429	20.8572587143293
2011.87904884793	478.697262857143	13.1231807368993	9.06476386031746	0.0564146217773625	3.55108355555556	0.102157754040657	2.68807377777778	0.201176357191108	1221.9581728254	29.6015017866684	5.46217085714286	0.151641182919059	1.56185398287428	0.0462532618484914	22.1086666666667	0.337532089009491	8.38229644499789	0.0459103145038497	20.7722421428539
2011.87027834101	476.221343068783	14.1428588984331	9.08523432006512	0.0657592225324983	3.51340962962963	0.108201837189149	2.68927881481482	0.172476229084321	1244.27270349206	32.2584825958619	5.50929896296296	0.149398009518871	1.59116210558476	0.0415482300619248	21.8626666666667	0.385840463782719	8.36296036779712	0.0529161454242235	20.6872255714802
2011.8615078341	475.187985079365	13.5490684842215	9.04786926007326	0.0581467114270612	3.48657762962963	0.112434344499551	2.78833851851852	0.186210403633208	1265.6014477037	33.5735336236704	5.44565274074074	0.171294359950224	1.58258737426025	0.0418457560277768	21.6276	0.361278164827259	8.34419607707194	0.0501195246817669	20.6022090000048
2011.85273732719	475.67188973545	12.3207341039859	9.04749919194139	0.0611026258787051	3.49084192592593	0.123345580039445	2.96906	0.251222688276282	1271.24034891005	33.091169138906	5.38437703703704	0.157615120021179	1.57014387264171	0.0456140802988934	21.5249333333333	0.463835802912509	8.33466068856955	0.0643619846434547	20.5171924285294
2011.84396682028	477.087482962963	11.9396359815449	9.07794663931624	0.064695444577701	3.55234637037037	0.133002407697835	3.14330118518519	0.369855520809026	1263.62554249735	32.709254858202	5.35331925925926	0.157906466445521	1.53922761096561	0.0480722373436106	21.2718666666667	0.45075532235895	8.31431432486396	0.063350241367722	20.5152196504369
2011.83519631336	471.270737777778	11.4742613897633	9.06117313015873	0.0536757687077787	3.60771466666667	0.148054480353271	3.19352088888889	0.445862755577262	1251.08942577778	33.3168263401997	5.34323733333333	0.137356854100481	1.51999895835902	0.0534352087153134	21.4174	0.423213644122479	8.322473752928	0.0591318789089179	20.6412727204151
2011.82642580645	466.556718518518	11.2508298262242	9.06928459259259	0.0613747491230804	3.67157466666667	0.149421314621129	3.19206992592593	0.458983871118623	1235.86554105842	35.6284458400595	5.34912888888889	0.136920340232325	1.49647737295023	0.0544386992772837	21.6012	0.393928434399665	8.33221274350777	0.054636869137676	20.7673257902426
2011.81765529954	459.363477037037	10.3106758480734	9.00742844444444	0.0472320318237491	3.71155377777778	0.158343860351758	3.06942844444444	0.414500623884477	1213.46505849832	36.1939474972872	5.3201002962963	0.121581821602344	1.4789148200038	0.0600313556934613	21.7274666666667	0.419048103462923	8.33751681857843	0.0577289091420674	20.8933788602208
2011.80888479263	458.89512	10.4750278982487	8.99980533333333	0.0591358735707494	3.75209333333333	0.150644972052359	2.94089333333333	0.373655721516776	1189.59084155556	34.1639375156625	5.29454933333333	0.0991641665797697	1.45442858621319	0.0603825042717686	21.7533333333333	0.44316797489017	8.33574678710229	0.0609217692968258	21.0194319300483
2011.80011428571	459.033540740741	9.94122887649275	8.9707406962963	0.0431801001975816	3.77834148148148	0.150932989726344	2.76261733333333	0.316352478110553	1171.10401821734	33.37493122535	5.27602962962963	0.0831788620433401	1.43656243650587	0.05665924252338	21.8492	0.420318056442295	8.33887326707153	0.05759716786811	21.1454850000266
2011.79377662338	465.548244444444	10.0323081194543	9.04886053333333	0.0532911834670952	3.8000564021164	0.141794486333611	2.66354355555556	0.256167048661294	1152.61712074074	32.193080166345	5.32117288888889	0.100308699941765	1.43264989116592	0.0530701612762404	21.7136	0.393680905351143	8.3267931020008	0.0543256916373362	21.2715380700048
2011.78743896104	462.163511111111	7.83804172932385	8.95687041058201	0.0279628408099241	3.79421291005291	0.1334095723468	2.57555244444444	0.193812054385441	1141.07504844444	25.9543278146544	5.27186455026455	0.101311029539029	1.41665967612542	0.0499877368500152	21.6815333333333	0.437410179804752	8.32195625327055	0.0603344697925881	21.3975911398323
2011.7811012987	465.171038518519	7.82592083896293	8.96477214074074	0.0407927050685585	3.78798810582011	0.121202121003722	2.59770533333333	0.152763522466103	1139.00197274074	20.0839207553616	5.25946827513228	0.0939624551984591	1.41624827630838	0.0495363921448766	21.8722	0.449051319582793	8.33273185909142	0.0614047476234614	21.5236442098105
2011.77476363636	467.996372486772	7.96874146480668	8.90107532910053	0.0369360655925557	3.7728451005291	0.120391507306237	2.66071377777778	0.153621150692513	1147.89590785185	19.6391027341797	5.17515991534392	0.089641822834071	1.39820742724883	0.0440372664529213	21.8003666666667	0.42853789204764	8.32513762986938	0.0588263852205166	21.649697279638
2011.76842597403	471.476983703704	7.67160710638302	8.97177701269841	0.0508079949317619	3.73869525925926	0.138040333724379	2.70838311111111	0.160881823311749	1160.19843718519	23.2949804250007	5.20814353439153	0.0809794168735691	1.42679588934553	0.0531093923194451	21.931	0.444060624346764	8.33167336727534	0.0605867200292387	21.8010637468035
2011.76208831169	468.606289312169	7.36529096288712	8.96143865079365	0.0427978554214036	3.70257288888889	0.151448797571694	2.76950933333333	0.168834018108328	1178.22057466667	25.5674968161829	5.20242575661376	0.0780016159742533	1.43390392430173	0.0533591389286379	22.0102333333333	0.402739886712511	8.33459925562135	0.0548594984619228	21.9856923910396
2011.75575064935	460.86977989418	8.57589424697782	8.97785251005291	0.0393874120685917	3.66530459259259	0.173014616533747	2.85383185185185	0.179373034708697	1193.02878792186	29.8202371524978	5.18405525925926	0.124615527686948	1.45347363349278	0.0647957463133964	22.1286666666667	0.329199876564616	8.34021079583739	0.0447555225982477	22.1703210354965
2011.74941298701	459.782674920635	6.74740299307575	9.01101717118437	0.0518832862829034	3.67940711111111	0.181703816041983	2.99332711111111	0.188942707190326	1200.50402393162	34.5927626122098	5.24837453968254	0.236173866728103	1.47446627635697	0.0900044904193302	21.9345333333333	0.261321802466699	8.32424168417239	0.0359128375945765	22.3549496799534
2011.74307532468	453.235053968254	7.72016955247277	9.0203861013024	0.0474357708835055	3.67983496296296	0.192878655169905	3.03377022222222	0.200302574686806	1202.57216682295	35.754694265008	5.24280668783069	0.294677074901433	1.48433274673171	0.101160054659363	21.9777333333333	0.230164216048469	8.3250488831972	0.0316132282590811	22.5395783241895
2011.73673766234	452.678695873016	7.62081631330898	9.04148394122914	0.0531351426822755	3.71493674074074	0.187724956348053	3.04748459259259	0.208525657711627	1195.60784725926	34.1410186314188	5.38077320634921	0.376918595559366	1.4916760754575	0.106346006019606	21.9914666666667	0.179840190080677	8.32381001508727	0.0247391203192446	22.7242069686464
2011.7304	445.850911111111	7.57650792065953	9.00133651005291	0.067559847516926	3.7248117037037	0.187109635871281	3.06929259259259	0.254925895554063	1190.13061906878	34.0794513064998	5.26464488888889	0.272883900438265	1.45036928753765	0.078876676738473	22.1456	0.163609663237725	8.33226926620303	0.0223739791030866	22.9088356128825
2011.72406233766	449.508035555556	6.39106679381938	8.95818219470899	0.0466913402764512	3.80355422222222	0.17853971975448	3.12627822222222	0.30174970261681	1175.4353807619	33.7201526465067	5.2984513968254	0.208796518897614	1.42731127300718	0.0697504493890401	22.2473333333333	0.23039270649556	8.33707003372325	0.0312935426252299	23.0934642573394
2011.71772467532	443.961071111111	6.20729901421856	8.85863958624339	0.0386197097983426	3.84284740740741	0.171942829209521	3.1114402962963	0.337742692116656	1165.15087685714	33.897813618079	5.14422300529101	0.0520998664241996	1.38348339066051	0.0538081695250874	22.3699	0.311366887403636	8.34326347755191	0.0419682981211764	23.2780929015756
2011.71138701299	453.22430962963	4.94759263398152	8.87671483597884	0.0361500141601121	3.9815442962963	0.163204373192359	3.1828802962963	0.371001287324287	1143.90202895238	31.4528282465954	5.20885320634921	0.0517778600857974	1.35062701790236	0.0545432744602033	22.4882	0.330561170767299	8.34912679497398	0.0443361048467246	23.4627215460375
2011.70504935065	452.901657777778	5.89275880086386	8.87410711957672	0.0459198114800864	4.03055703703704	0.16340934784459	3.11646948148148	0.348334295472336	1129.60661343915	31.7427511090883	5.17522088888889	0.0637000745420532	1.32521567815717	0.0559897028313022	22.4073666666667	0.378829363731742	8.34144719027188	0.050872713698622	23.6984135760819
2011.69871168831	466.139742222222	6.13142003382151	8.94482864126984	0.0562135844877399	4.16714577777778	0.176873037122383	3.05382222222222	0.301075685502342	1112.30577936508	31.8252850763969	5.28373777777778	0.0962911941814824	1.30341106971391	0.0564882979664412	22.3694666666667	0.364428539819428	8.33668165777857	0.0490298143357979	23.9914901841877
2011.69237402597	468.561613333333	7.0324197116821	8.92617731851852	0.0404722137376566	4.23341837037037	0.179421733409662	2.79266903703704	0.21192668241396	1095.51517646561	29.6773844507567	5.4029797037037	0.118956812349161	1.30460734458839	0.0462814232986385	22.2386666666667	0.376334231725276	8.32555530347726	0.050856309568621	24.2845667926441
2011.68603636364	476.35930962963	8.94326850701199	8.90032186031746	0.0533781459821021	4.3796797037037	0.186973012286149	2.61846651851852	0.157132585665211	1077.38974251852	26.3851811377256	5.49449752380952	0.141594667281839	1.28076713363341	0.0417851236411322	22.2174666666667	0.32123348379506	8.32192083706762	0.0435333148219534	24.5776434007499
2011.6796987013	478.462718518518	8.57425090148418	8.88783965925926	0.0409123113463058	4.43784503703704	0.180248497932862	2.50607214814815	0.13191940872569	1068.32238281481	23.4819338186309	5.5645393015873	0.137718137741201	1.27792321403938	0.0312624086865729	22.3064	0.30644264281156	8.32583478933515	0.0414101268172811	24.8707200092062
2011.67336103896	480.563048042328	9.58680313576102	8.86191801481481	0.0462311643268056	4.48693703703704	0.190407589109602	2.51517066666667	0.161044987232219	1069.44595822222	24.1818769816069	5.49920287830688	0.135572471436384	1.25468747302604	0.0353917179108459	22.4200666666667	0.276329418089329	8.33141164781138	0.0372231250818746	25.163796617312
2011.66702337662	483.014425185185	9.21892773802272	8.89022218835979	0.0503526292872766	4.4816082962963	0.184158127708509	2.56834725925926	0.17283577980645	1077.10279140741	26.2160159049419	5.50165898412698	0.137072350675369	1.25430585457515	0.0346155192285954	22.4194	0.225764601384042	8.32919014076924	0.0304677837616278	25.4568732257683
2011.66068571429	484.650601058201	8.97677283786703	8.92821992804233	0.0557170499450639	4.46540222222222	0.176838513793599	2.66661940740741	0.167729735024543	1088.99510637037	28.2033304542749	5.50704052910053	0.120557470516592	1.26190521036152	0.0399895523839751	22.5038666666667	0.185099352129418	8.33454121928515	0.0249382824414734	25.8964881382776
2011.65434805195	482.33148042328	9.31792962351535	8.96986085079365	0.0641177245598991	4.41279688888889	0.153590448679097	2.73446266666667	0.14146731012196	1095.47655555556	27.7939900927255	5.52578052910053	0.118837718736202	1.27818538164468	0.0350792946220792	22.6873333333333	0.228406460309491	8.34666120935152	0.0305280798973797	26.3361030507868
2011.64801038961	478.070124444444	10.376560962497	8.95252188571429	0.0574898887760047	4.37859555555556	0.157830510427704	2.84542844444444	0.166560518771164	1097.07747911111	27.0292037712165	5.53382190476191	0.1229402809806	1.28926886507896	0.0323556624955737	22.7226666666667	0.222767071745283	8.34875817012766	0.0297442806913484	26.7326352849314
2011.64167272727	475.753211005291	10.1232628089488	8.97247305925926	0.0441062560763746	4.3596602962963	0.155145655679227	2.85670681481482	0.201978528238797	1096.69113585185	26.9340761843675	5.57394446560847	0.126192218745469	1.30194593875759	0.0298937878762277	22.6830666666667	0.24799676393178	8.34581046339409	0.0331299364577475	27.1082383151038
2011.63533506494	475.139628148148	8.66577970732846	8.94886198095238	0.0559197737983465	4.37234696296296	0.156721416647265	2.84830740740741	0.243518523113219	1093.29202	26.7885728366836	5.64808975661376	0.123434550096946	1.31457931680387	0.0325060718672473	22.8004	0.293914739823838	8.35341717338402	0.0390565203877138	27.4838413455756
2011.6289974026	477.664325714286	8.34257042248924	8.93234997460317	0.0625174884136177	4.4072315978836	0.148672396857014	2.77022414814815	0.225189594296385	1085.41511733333	24.9304729023904	5.66327066666667	0.127244714889041	1.30443637876797	0.0368295400049238	22.8302666666667	0.315973890824131	8.35513822656342	0.041920438035671	27.8594443760475
2011.62265974026	481.088112275132	9.82630257676201	8.85289477085877	0.0683350104071542	4.44238793650794	0.140278427692601	2.7632517037037	0.249091618170969	1072.24142414815	23.2986559325135	5.62303478306878	0.124355098121804	1.28559321071465	0.0372250386502554	22.7670666666667	0.286273120782479	8.35061637997322	0.0380907146547358	28.2350474065193
2011.61632207792	485.821081481481	10.4328259890505	8.88551048547009	0.0588434638452416	4.43374395767196	0.147317187327473	2.71888740740741	0.238236044022411	1066.83102637037	23.0093743905234	5.6650542010582	0.135913483623646	1.29800183125948	0.0357280652717941	22.9248	0.289154748485009	8.36090014870722	0.038281116359407	28.6106504369912
2011.60998441558	481.971644444444	10.6413699907577	8.85196766577127	0.0368358365267303	4.41561724867725	0.156485649898926	2.65146622222222	0.234514234549494	1066.4194002963	26.0783570064223	5.65211391534392	0.154996913049091	1.30564438252606	0.04030497871862	23.2647333333333	0.283288116279869	8.38320124720098	0.0371504996105436	28.9757318845088
2011.60364675325	477.565783703704	9.65888312404432	8.86464438941799	0.0569687821874282	4.36834859259259	0.156065835539475	2.5897962962963	0.207891654804408	1068.31580074074	27.2920268744367	5.62612882539683	0.16606997140353	1.30956434931797	0.0366868977429866	23.2194666666667	0.247936740523843	8.37992638878197	0.0325836984488497	29.0243717665381
2011.59730909091	472.463244444444	9.5204814187347	8.81806937777778	0.0432111234099625	4.3587006984127	0.15823511131582	2.59865066666667	0.18334384977953	1062.42992533333	24.3336039545536	5.53092158730159	0.153790799370493	1.28932230164234	0.0316383633992456	23.2852666666667	0.23665563622853	8.38399469983645	0.0310550340474407	29.0730116485287
2011.59097142857	473.048154074074	8.68113403573794	8.84904731005291	0.056708070030639	4.35236592592593	0.153904736650736	2.6256242962963	0.1565854360591	1052.76057674074	20.7978772368302	5.54949394708995	0.144527106436925	1.29235677093721	0.0268134522240782	23.2690222222222	0.27546737862096	8.38264014997911	0.0361279265924974	29.121651530558
2011.57659285714	473.595179259259	10.2931759137663	8.81567234920635	0.0438177278214815	4.39935425433825	0.158558056065905	2.67077140740741	0.157069380756587	1040.30037437037	19.1525773970441	5.56658222222222	0.158496768654547	1.2813624655599	0.0267973783455116	23.1140666666667	0.33946243871979	8.37245767495648	0.0446339544106014	29.1702914125873
2011.56221428571	483.980791111111	9.90020134151706	8.87117154074074	0.0545831167932928	4.46192167003367	0.170208922536441	2.75619451851852	0.174213000753536	1036.84915985185	21.4187363368687	5.6433562962963	0.160927825650881	1.28494961180771	0.0337709313659793	22.9358666666667	0.372821901393588	8.3614878342415	0.0492245169087351	29.2189312946176
2011.54783571429	489.879931851852	12.611805961098	8.83311463703704	0.0519672713978834	4.49068248100048	0.180138453185518	2.84112933333333	0.210337547088233	1037.52144844444	22.5891139874284	5.69884323809524	0.176006621777018	1.28640671162866	0.0334923020525828	23.1167142857143	0.325262725028615	8.37442272391482	0.0427796921085815	29.2675711766469
2011.53345714286	497.523899259259	13.0873435801025	8.89714092910053	0.0434487810053752	4.48300705168905	0.172916281951829	2.8833682962963	0.230747100244919	1047.28812266667	23.0153094588491	5.82567225396825	0.168186723631809	1.31147150508683	0.0336198885217654	23.0404285714286	0.276680556604418	8.3702475133922	0.0365169087566066	29.2940381830281
2011.51907857143	503.259821164021	13.4948780192546	8.87564578624339	0.0514249584655281	4.50305501343101	0.156099478926334	2.91344725925926	0.228377800604777	1055.60427022222	20.4219166373418	5.92876785185185	0.181098352117304	1.32225412904608	0.0251466324056824	22.5782666666667	0.587623944102468	8.34014291932696	0.0779545914013937	29.2494314812527
2011.5047	511.670838730159	13.1533708226476	8.95041263915344	0.0471475484423539	4.49294037444037	0.118724267342016	2.89749155555556	0.18647665643541	1065.6001477037	17.6427867230722	6.06822193650794	0.176666989243537	1.35288170724175	0.0261462459866885	22.8006666666667	0.463004707028081	8.35601913444924	0.0612227504326004	29.204824779476
2011.49032142857	516.531601269841	11.5902213805619	8.90964163809524	0.0442826117673269	4.49038812698413	0.0909748235970368	2.86368888888889	0.12563001165161	1073.32929422222	17.7030756322209	6.03392374603175	0.165484096060856	1.35121454142439	0.0262542660794339	22.7761333333333	0.417793225989292	8.35791359281335	0.0553562466962294	29.1602180777005
2011.47594285714	519.54903957672	12.200995629425	8.90686828148148	0.0529240047960442	4.45515339194139	0.0920347787632122	2.82479007407407	0.0999009014838678	1078.7144647619	21.5063059498016	6.04210715343915	0.165945116228213	1.3648981388466	0.0307446345826657	22.8450666666667	0.419145064860396	8.36736768049981	0.0554177149675379	29.1156113759251
2011.46156428571	523.503486349206	12.4293084646027	8.90370554074074	0.0430525605221671	4.43689541798942	0.112623393827471	2.85003066666667	0.104206424832297	1083.28363458689	25.9061838805783	5.98393576719577	0.173288705355302	1.36305502501276	0.0398607367022092	22.9860888888889	0.425514734002967	8.38162872340451	0.0560213950391173	29.0710046741484
2011.44718571429	523.591227936508	14.7638384825751	8.93074791005291	0.0462395293064814	4.38592850793651	0.152138002711676	2.90818548148148	0.13435082576879	1094.56259347497	30.7453202028192	5.97338700529101	0.164179714508907	1.38643722485146	0.0424148952454027	23.0541777777778	0.418342283932157	8.3910072142326	0.0549836849953707	29.0263979723729
2011.43280714286	529.838268571429	15.1433262458408	9.00875500952381	0.0543250497262998	4.34199045502646	0.181528962602857	3.0133402962963	0.194228260983194	1106.73289720798	35.1548118085448	5.90883398941799	0.158237255264761	1.39264380541904	0.0502618665826233	23.0829777777778	0.401673725113067	8.3977735972414	0.0527739565259786	28.9817912705974
2011.41842857143	527.148647830688	15.7166439174155	9.0207167031339	0.0453388139890002	4.24828881318681	0.188293041808123	3.15763881481482	0.271518746722566	1118.49919718519	33.1298995163242	5.88378641269841	0.166189752384326	1.41555215067527	0.045678331257676	23.1971666666667	0.344705269782568	8.41020719585905	0.0452157296462978	28.9371845688207
2011.40405	530.96839026455	15.3468339342331	9.0782090958893	0.0586400394127309	4.15466598412698	0.175566811788904	3.23508103703704	0.301778051513685	1125.64829496296	31.1277810577911	5.87287338624339	0.184771058944767	1.44455278058552	0.0459546992694531	23.2478666666667	0.382632707967248	8.419786634537	0.0500783205243245	28.8925778670453
2011.38967142857	531.752428148148	15.8636096976937	9.03677854147334	0.0361785702655807	4.07195784371184	0.147784579761963	3.23844222222222	0.311033707258336	1139.8084162963	28.3576884381996	5.88776156613757	0.177249840260396	1.47540133815962	0.0426866555182094	23.3604	0.405306242829037	8.43364239360429	0.052871250913805	28.8479711652155
2011.37529285714	539.050863492063	15.0391518675445	9.03640981587302	0.0386381584282994	4.03792832722833	0.133374991340428	3.14884711111111	0.277482579618491	1149.67742844444	27.3869728960695	5.821788	0.132157381857341	1.47609398704871	0.039669311117928	23.4737333333333	0.394091015190613	8.44754119165488	0.0512852986475405	28.6218019959209
2011.36091428571	544.136213968254	15.9633548242218	8.99701095449735	0.0491623633562062	4.00927822222222	0.123114847689785	3.13323451851852	0.240776562366958	1162.77081866667	29.0037364949317	5.81806808465608	0.13641768244452	1.47983628530283	0.0437235589855253	23.5772	0.378463751802694	8.46078566597573	0.0491545989440407	28.3815393803952
2011.3436907563	549.125562539683	16.0635035986525	9.06062832592593	0.0373368285706862	3.98088474074074	0.130852956917331	3.13214948148148	0.19060275689035	1175.49994088889	31.4684202871837	5.84226567195767	0.119535970065235	1.49479520215318	0.0421473068621917	23.7252	0.338831538420749	8.47821810107201	0.0439044469779528	28.1412767648629
2011.32646722689	559.605146682947	17.5729397421008	9.12482930793651	0.056878665732225	3.95259155555556	0.148506181011822	3.16104355555556	0.141387965596312	1196.956756	35.9611055492246	5.97253980952381	0.117795442648983	1.54216704405159	0.048840271645955	23.7653333333333	0.327486803320693	8.48747723309491	0.0424090577100458	27.9010141493373
2011.30924369748	567.302470614571	19.2849855830733	9.22149304330484	0.0509604385192561	3.90061555555556	0.153224921939605	3.17757585185185	0.133821898744927	1219.75192014815	36.6052558847049	6.06967197883598	0.125273782319658	1.5865480780456	0.0458828505767437	23.6238666666667	0.395718970346461	8.48317638091624	0.0513270832026222	27.6607515338116
2011.29202016807	568.016918437118	19.329616577876	9.22709578233618	0.0662008967177943	3.82218859259259	0.141616665832529	3.17991777777778	0.137007524411864	1243.26102607407	35.4434984160198	6.05327837037037	0.148043836395097	1.61046036786297	0.0511768035702685	23.5497333333333	0.441974093904314	8.48327024977092	0.0573647747640997	27.4204889182793
2011.27479663866	564.471000634921	19.5851262211319	9.20595695449735	0.073739767067228	3.74780740740741	0.131580497846219	3.1606202962963	0.150318014497005	1260.7296922963	32.1514715014096	5.91420285714286	0.168097771207797	1.5995273885293	0.0535453776059538	23.4068666666667	0.467764744153528	8.47884577756206	0.0608712200907213	27.1802263027537
2011.25757310924	561.531135172975	16.5796806752116	9.17311986715507	0.0584594335293349	3.69143288888889	0.132811989487892	3.15657244444444	0.133679612349972	1273.23159007407	30.5709135747409	5.86387631746032	0.152528297238642	1.61630469939496	0.060774131839901	23.3285333333333	0.501512473060163	8.47865473425062	0.0653337716520443	26.939963687228
2011.24034957983	563.043318095238	16.9385958248714	9.18386812454212	0.0651205224379958	3.62932177777778	0.133854095899157	3.13473066666667	0.135178026467706	1274.59141955556	28.6226239292863	5.85607295238095	0.144118701768751	1.64731605784065	0.0613521609890438	23.3132	0.463567154430366	8.48224240058861	0.0604615165139073	26.6997010716957
2011.22312605042	561.311795124135	15.6338380826642	9.17802213333333	0.0702931622956745	3.5835802962963	0.140613947187756	3.0585002962963	0.140620281284953	1280.07881540741	30.0416506076785	5.99451341798942	0.18273746823878	1.69132536263894	0.0652499274161054	23.4254666666667	0.394699908509969	8.49394748032101	0.0514208152582967	26.4594384561701
2011.20590252101	566.375706227106	16.4495494264745	9.22230433487993	0.060460198984792	3.57599555555556	0.148977967640141	3.04847318518519	0.154267526580746	1288.83695365242	31.5708880283036	6.05711303703704	0.21359131749048	1.70067882980184	0.0676546429033016	23.4325333333333	0.404468161872172	8.49872947335312	0.0526737125953147	26.1592038520719
2011.1886789916	568.831133715914	14.0633855279971	9.22787185364265	0.0612970274189592	3.58988740740741	0.149921068035096	3.07132562962963	0.169260491050158	1302.82834821408	35.3941759162987	6.05126251851852	0.185921289507047	1.69644826984263	0.0672286017585379	23.6036	0.375531684035163	8.51427940791967	0.0487489221013266	25.8425983109691
2011.17145546218	572.593916052096	13.8996215849366	9.25508118388278	0.0566673942697959	3.54029140740741	0.140650350359558	3.12121096296296	0.184133925803964	1324.36867696133	38.6162546254759	5.92372755555556	0.135493664331562	1.70408071073391	0.0598570902578325	23.6106666666667	0.354161849827188	8.51907663496862	0.0459875510722583	25.5259927698751
2011.15423193277	579.442141701262	11.8813652527322	9.28299513227513	0.0512190675398448	3.46502	0.134193721546255	3.11454903703704	0.177187104571296	1345.54142519162	37.9539176217666	5.87745125925926	0.105936510245342	1.74107108821503	0.0577124879975257	23.6293333333333	0.345857921099549	8.52204799366588	0.0448987708416766	25.2093872287811
2011.13700840336	584.797356304436	12.4441685030469	9.29479315978836	0.0589406863174207	3.3640437037037	0.121558292941265	3.036240994709	0.162583848187793	1368.63319983272	33.9811591455002	5.88528562962963	0.11479747158014	1.78846429171831	0.0567682367846778	23.6346666666667	0.33208683125361	8.52314934578847	0.0431180512153091	24.8927816876783
2011.11978487395	591.293637777778	10.9939237788409	9.33438425494506	0.041094715723781	3.3138806984127	0.0975999152999108	3.0399406967847	0.156542624093209	1384.49894999105	30.5072457316487	6.06319911111111	0.195625915944565	1.8190410955929	0.0494951284348841	23.658	0.334651830443295	8.52542792417911	0.0434271692708865	24.5761761461988
2011.10256134454	592.368425291005	11.1091260432791	9.32125763532764	0.0630869451613975	3.29143390476191	0.0777108263758541	2.98125463247863	0.163646997099281	1391.23918836793	32.6192723493923	6.15076355555556	0.235195456315996	1.85431019604059	0.0587059249433224	23.6810666666667	0.323757455757748	8.5276884613035	0.0420020038085802	24.2595706050961
2011.08533781513	593.565878730159	10.478830962807	9.35480657045177	0.0525145692749778	3.27994349206349	0.0697797403628807	2.85597313797314	0.164686566411102	1390.30849989988	34.6830311558991	6.24058222222222	0.233915237202313	1.8821304912711	0.0562999188174038	23.755	0.320635841504257	8.5332679150601	0.041535926230905	23.7558799715537
2011.06811428571	592.997941633552	8.88773712709401	9.30678765738706	0.0532662434846443	3.30250850793651	0.0892255744898433	2.65624778835979	0.15559749830204	1381.91522310908	36.4965480668546	6.09979096296296	0.133770712900421	1.87262430696391	0.0619150178378829	23.8926666666667	0.293668596285753	8.53842049228279	0.0379585410447927	23.2521893380114
2011.06139183673	589.609573600474	11.2851995038334	9.32239793048433	0.0660455750833071	3.30906958730159	0.0985884829561779	2.58646859259259	0.171322368720432	1373.57705609849	37.3941642709963	5.97719392592593	0.100378400248146	1.826050733324	0.0534916825311589	23.884	0.264666978529263	8.53613704389467	0.0342336471862925	22.91273134953
2011.05466938776	586.26549052503	9.61857367164	9.31715471957672	0.048405050185696	3.33748404232804	0.107865199834915	2.60272251851852	0.193011096751822	1364.32790611884	36.6928085604088	5.85280296296296	0.0938550654854603	1.77290680260582	0.0502023512295475	23.9199333333333	0.252066628883764	8.53675407856929	0.0325887219277234	22.5935755546239
2011.04794693878	577.943671746032	11.8315043539844	9.34179344875865	0.0606442455240556	3.31075610582011	0.100675647662667	2.60932455026455	0.213073115851766	1352.57757793732	34.6858733555424	5.76776014814815	0.100067526236773	1.75807482859967	0.0442009596994476	23.8357333333333	0.265526170652889	8.52956112877148	0.0343769612283609	22.2744197597123
2011.0412244898	561.442063068783	7.82884984162784	9.26435017989418	0.0545151121238173	3.27273879365079	0.0948120435849716	2.5651526984127	0.25912769638617	1338.45097686772	34.2485010416799	5.63147511111111	0.0941043490254319	1.74388569297681	0.0482522550734037	23.776	0.295075777192426	8.52395429502551	0.0382271805442418	21.9552639648062
2011.03450204082	553.700955555556	9.32406722681163	9.26071650793651	0.0646086760198003	3.24207297354497	0.100272556079088	2.52484106878307	0.285680023163137	1320.912076	33.2397099858901	5.59583333333333	0.0790406803759034	1.75653435981046	0.0525503569392926	23.7229333333333	0.332306907293425	8.51877848541713	0.0430663964489622	21.6361081696503
2011.02777959184	543.435813121693	9.55050190480057	9.19857087195767	0.055081515734899	3.23401007407407	0.110428607682746	2.44059314285714	0.295787399321601	1296.66344785185	33.0416003332155	5.53198696296296	0.0682986986694966	1.74552123255097	0.0504564845990184	23.7401333333333	0.389948590832258	8.51818784825146	0.0504647458383545	21.3169523747442
2011.02105714286	547.044650793651	11.4955301587814	9.15788551111111	0.0634205259538281	3.31405688888889	0.114389910181214	2.37144444444444	0.242592915364057	1269.52521955556	32.5811410686736	5.58367288888889	0.0948800459850408	1.71845487257461	0.0494524799932627	23.6697333333333	0.420337726648994	8.5118791691136	0.0544435146371427	21.0202309392905
2011.01433469388	541.110890793651	10.5583626832778	9.10345425185185	0.0683011846743077	3.40187540740741	0.106583410617717	2.31130859259259	0.218064303998009	1244.03599111111	33.8660993677458	5.57265983068783	0.0893194201051555	1.66918581305137	0.0455243275014562	23.5804	0.420935067948219	8.5043238517443	0.0546209586575657	20.7446578171873
2011.0076122449	544.287690647131	9.36144740860047	9.1231890010582	0.0723822602548056	3.5272882962963	0.107623660970222	2.29214340740741	0.178147185973778	1224.23229513228	35.4574357348769	5.64462972486773	0.0819359000213613	1.63402150748619	0.0486197855743461	23.3931333333333	0.440455768998937	8.49031743398761	0.0573683779140648	20.4690846950889
2011.00088979592	539.158653105413	10.6459829931903	9.13263162962963	0.0742238339000089	3.59415111111111	0.118919869639936	2.23814874074074	0.161612437628604	1210.10146632804	35.1692705098889	5.70173312169312	0.114416568064373	1.62091312574996	0.0492487823241609	23.1318333333333	0.444455139057836	8.47134071043017	0.0582569462257787	20.1935115729857
2010.99416734694	537.351305502645	11.1251730542674	9.10918048465608	0.0606556132366331	3.63499659259259	0.131755197124016	2.17705037037037	0.159237536275942	1197.79582319577	32.3329409045818	5.7220717037037	0.125790051204915	1.61115197761419	0.0503604548666589	22.6948	0.477559133212093	8.44042595868065	0.0633244199293177	19.9179384508873
2010.98744489796	531.708119365079	11.4746622433047	9.07359472486772	0.0596213236831704	3.66021007407407	0.131187881246176	2.11418859259259	0.159876889792445	1193.47486683598	29.8646252201337	5.71883295238095	0.136922810353436	1.59067001199022	0.0408304833959644	22.4673333333333	0.501099129216553	8.42333625733764	0.0668864431604668	19.6423653285732
2010.98072244898	529.544885925926	11.0826613249332	9.05481179047619	0.0545016597945078	3.68565288888889	0.136581750200617	2.14292814814815	0.159264807366237	1188.13339985185	25.6159462741869	5.66650664550265	0.12379941343666	1.56680389634453	0.0449273114035549	22.2121	0.487208071811311	8.40420315587811	0.0656473987580934	19.3985810384904
2010.974	525.840977777778	12.1252015086105	9.07897495873016	0.0663388757676772	3.66930592592593	0.132626070431153	2.14379866666667	0.163895249119997	1194.36020666178	29.1055054804771	5.63131305820106	0.144200695058184	1.56319068205724	0.0453476859330533	22.0518333333333	0.466409192577328	8.39145902442458	0.0632752467653397	19.3508417116399
2010.96727755102	517.726364444444	12.6382459698022	9.04185002539683	0.0676929040284644	3.61166488888889	0.147699846476178	2.127952	0.184762166350068	1196.3208577094	39.4739550407843	5.56262844444444	0.143222630394532	1.57005921755753	0.0502466210927769	22.0066222222222	0.429187353012517	8.38662858183448	0.0584114086029892	19.3138822327766
2010.96055510204	509.371505185185	15.5313119968093	9.07219274179894	0.0790150289685901	3.55882444444444	0.165895046596538	2.052684	0.188866533980509	1199.0420467733	47.9790255431217	5.51190435978836	0.156412825748836	1.57738921737472	0.0556946566973552	22.1110444444444	0.373531714393635	8.3921461797523	0.0507325882611145	19.2769227539507
2010.95383265306	499.192482328042	14.4477552740212	8.99733640634921	0.0675774371964649	3.56274311111111	0.17155730918982	2.019032	0.173360263674985	1188.97876214408	48.2157353274036	5.46223015873016	0.134554544150147	1.56336325216998	0.0533388056776272	22.1584222222222	0.354174793881229	8.39371103129124	0.0480489286678196	19.2399632750874
2010.94711020408	496.805595978836	15.6576727960798	9.07460836361416	0.0576985021993638	3.57216651851852	0.169381382338817	2.03500962962963	0.169890925445684	1192.8437678836	46.6680650690509	5.4948122962963	0.145381400137633	1.5740697870766	0.0546440957092569	22.3051555555556	0.338310708238214	8.402078871098	0.0456660565135358	19.2030037962249
2010.9403877551	492.809814285714	14.7233483292354	9.0222416031746	0.0509536635708185	3.58690637037037	0.168349289430841	2.09446162962963	0.182489535643486	1194.98708625315	45.5409690395289	5.42328237037037	0.143213214027701	1.55735093800646	0.0579333939433127	22.3393333333333	0.333756379167381	8.40271803701354	0.0450012663132746	19.1660443173616
2010.93366530612	494.645534391534	14.8677912500718	9.07243068009768	0.0921104965170293	3.5826	0.176985282410863	2.19037733333333	0.220906447370037	1204.56232736508	47.4095288431781	5.43026126984127	0.156436581338869	1.56121619105831	0.0659804920702133	22.4176	0.380660338534675	8.4060313734463	0.0510968188756209	19.1290848384992
2010.92694285714	491.894038730159	14.1860963280383	9.00923056719577	0.0711430135012494	3.5965522962963	0.187051168521696	2.21735792592593	0.223295804478354	1201.50943155556	46.5423398689133	5.33682067724868	0.154310262834937	1.53172302547297	0.0615451332114953	22.4565333333333	0.361814025718116	8.40657339937414	0.048530975702457	19.1522888559576
2010.92022040816	492.274288888889	12.1736878150855	9.02111298624339	0.0670380485820179	3.60747051851852	0.177897572056662	2.22145511111111	0.207431062652154	1197.98713602116	41.8798449854432	5.36843151322751	0.150772059286984	1.53107385000099	0.0554949200414102	22.5586333333333	0.365545165168106	8.41139417910704	0.0488525986017621	19.3689492346348
2010.91349795918	490.641226666667	12.3097375534315	9.03356954920635	0.0606128867280359	3.62942577777778	0.166234294764716	2.20078044444444	0.190924734513594	1189.6596	37.2822878308243	5.36465555555556	0.1364077308732	1.51673471257096	0.0490755505518651	22.6720666666667	0.350351965432677	8.41695363144517	0.0466679887123593	19.5856096135311
2010.9067755102	488.385995767196	10.5413948406592	9.05575035661376	0.0576535348805606	3.6354962962963	0.140391699267673	2.21527940740741	0.204558455409461	1182.13456666667	33.2050699770603	5.41572548148148	0.122116159493839	1.52211050195068	0.048655160870761	22.7607666666667	0.356413787300348	8.42082179545206	0.0473315678035018	19.8022699924226
2010.90005306122	485.779410793651	10.1375589688116	9.05003343703704	0.0586255220982696	3.65031348148148	0.134792866427231	2.22248918518519	0.237019100614292	1172.73126251852	34.3391939037446	5.39083786243386	0.117257927790337	1.50546175529724	0.04470799218023	22.8088	0.350018981798199	8.42194722093314	0.046421349651256	20.0189303713189
2010.89333061224	482.917689312169	10.5660893371485	8.96706487407407	0.0460552141246921	3.67460222222222	0.146791270840495	2.21777792592593	0.242694982374618	1165.94009540741	37.390808521461	5.26360638095238	0.120435604443305	1.46622075435383	0.0510915519880843	22.9088	0.391570551935225	8.42654527584254	0.0517141273741526	20.2355907502103
2010.88660816327	483.032762962963	10.5486427728694	8.97273797037037	0.0485341674382792	3.68294755555556	0.155585743653036	2.26362266666667	0.256537618341308	1165.62936294554	39.4980628291522	5.20436103703704	0.0986025220839234	1.45201375164666	0.0569375464162482	22.7336	0.38834732613253	8.41270438848401	0.0515672695989515	20.4522511291018
2010.87988571429	478.060524444444	10.3685159675852	8.96372825185185	0.0621157422626344	3.62837422222222	0.148973631418224	2.28083214814815	0.252067075151803	1176.33568711111	41.355307231786	5.16626814814815	0.09484223749203	1.4614424173309	0.0590039729110799	22.5106666666667	0.375221263823623	8.39555620098139	0.0502122063466306	20.6689115077839
2010.87152	474.349887407407	8.3071409350598	9.04606186666667	0.0678437245153739	3.5284202962963	0.131296645508665	2.36348222222222	0.254111468363887	1191.08936321886	41.6956283318186	5.21015659259259	0.0780653427524972	1.51102363119817	0.0563749370016427	22.4874666666667	0.358385717544216	8.39137898410953	0.0480245020605743	20.8855718866753
2010.86315428571	465.095397248677	6.37516761009225	9.01970774814815	0.0649507423720957	3.43370488888889	0.113157579389625	2.37759437037037	0.244980236765316	1198.9029277851	39.3269203004211	5.12111305820106	0.0976170480638425	1.52168022932229	0.0474764738560639	22.4294666666667	0.384727162033498	8.38483689786149	0.0516139608269839	21.1022322655716
2010.85478857143	467.947321269841	5.46246909596746	9.06237206349206	0.0775745393336241	3.46867034920635	0.115048904732828	2.42417955555556	0.233003891850656	1199.16329447619	35.8788713516301	5.12483212698413	0.089997524749053	1.50434565860412	0.0466431361325093	22.2453333333333	0.416808356861048	8.37038022870211	0.0562305080748082	21.3188926444631
2010.84642285714	465.029707724868	5.30172390258906	8.97872981375661	0.0557592959839475	3.52585282539683	0.128820957330207	2.4357197037037	0.224100309093854	1194.73567792593	32.4652185698475	5.03935301587302	0.0756790209348611	1.4570376944065	0.0450174403040997	22.1754666666667	0.397150491647528	8.36381749701902	0.05375815682949	21.5355530233594
2010.83805714286	475.806790899471	7.2718105488698	8.96693011322751	0.0547939635370457	3.61558366137566	0.140414565347241	2.52734296296296	0.233355377457626	1184.56070311111	32.1371567744277	5.09410217989418	0.0773580709622965	1.44231399062377	0.0480557597191858	22.1363333333333	0.408933382241058	8.35935965774742	0.0554127607658756	21.7522134020366
2010.82969142857	475.854543703704	7.0364458304507	8.87600477460317	0.0425626784452165	3.64459602116402	0.145224218071363	2.64368903703704	0.256383534320988	1174.56777762963	31.2573481517567	5.12715265608466	0.0778424449692178	1.45032534958435	0.0513785779283199	22.0606666666667	0.375151964976057	8.35237542108812	0.0510518637997297	21.968873780933
2010.82132571429	486.249034074074	7.66737190229193	8.9595484	0.0722086041383295	3.67867051851852	0.136001619777411	2.79271688888889	0.260908465108516	1168.28070207407	29.5149450186509	5.27861142857143	0.0915616714556079	1.47662272405944	0.0603966348535823	22.0609333333333	0.330618460387811	8.35063146984375	0.0450687347114584	22.1855341598244
2010.81296	485.721475555556	7.17154459032064	8.95545255026455	0.0609896914322892	3.72395437037037	0.12276552076181	2.95318103703704	0.347326833586448	1167.31636865608	26.5319236381551	5.32393037037037	0.110606005769129	1.47144505695378	0.0665427289727186	22.226	0.314050829977448	8.36023672355805	0.0425572302485673	22.4536267281408
2010.80459428571	485.640575873016	8.31781207919667	8.98010348359788	0.0572424065509832	3.73095407407407	0.123427892922386	3.09643125925926	0.549472928637409	1160.44316536508	26.2248991673119	5.34465831746032	0.11886669322672	1.4721329428508	0.0669189095055954	22.3878666666667	0.32458832339217	8.369544838264	0.0437010933416619	22.7230503920795
2010.79622857143	478.412946455026	8.80867901929159	8.92023011640212	0.0513019496487318	3.73645451851852	0.129711491765953	3.20170316032116	0.757343852164585	1158.71824213757	26.4983512816801	5.31886831746032	0.128694289030122	1.45975377768491	0.0584521551609804	22.3872666666667	0.300131375466949	8.36774483770101	0.0404440832885964	22.9924740560244
2010.78786285714	474.447577142857	9.4579596045054	8.92809226031746	0.0560161138595695	3.72059911111111	0.136975657603154	3.20302151322751	0.852833003593325	1157.93701853968	29.7786264239124	5.30065580952381	0.15171208938583	1.45972787371313	0.0595803363657772	22.3496	0.30795139999991	8.36341776684891	0.0415442833577551	23.2618977196968
2010.77949714286	465.845350687831	7.87239744118761	8.84985038095238	0.0768889066042619	3.74657466666667	0.132226284267123	3.15427666666667	0.934312498980856	1156.41006296296	32.1749288664746	5.23733572486772	0.178902314527582	1.42894352811117	0.0547618704951024	22.4068	0.337518101101894	8.36556050683249	0.0453901669207468	23.5313213836356
2010.77113142857	463.359597037037	8.38754024455481	8.81783019470899	0.0836503030870378	3.80170962962963	0.146613319851866	2.91309878306878	0.792496000310435	1151.63754162963	33.7122646977924	5.16384874074074	0.171983935419553	1.39288996659842	0.0549427274055902	22.2838666666667	0.382413312513178	8.35541194076678	0.0515790793701196	23.8007450475804
2010.76276571429	465.5322	8.66912232407338	8.83778293968254	0.0785359802683926	3.83814444444444	0.144108298559689	2.62822770707071	0.585115234286203	1141.8806682963	31.7573245760434	5.17224222222222	0.143962580068613	1.38254588022489	0.0581326146359271	22.3561333333333	0.330233941128128	8.35846509165136	0.0445042165084395	24.0701687115192
2010.7544	470.285386666667	8.66004372277505	8.9095453015873	0.0428284425094303	3.87301185185185	0.149564595037974	2.44510572405372	0.403320695236936	1130.53897674074	28.0175853688173	5.18324948148148	0.110824203217683	1.37612491026359	0.0637008597216079	22.6237333333333	0.301303129544012	8.374536745114	0.0402620217912393	24.3080438172706
2010.74603428571	473.861007195767	9.07803517634024	8.92583587301587	0.0426481253218401	3.91793481481481	0.149389170479139	2.25397377777778	0.190698947277891	1118.50987288889	26.6135003762262	5.25637822222222	0.0970372782924098	1.37431021280361	0.0572627861094333	22.9085333333333	0.32430165068177	8.39157754799222	0.0429116922402848	24.4912546466132
2010.73766857143	467.23957968254	9.28728958150013	8.82952165714286	0.0410241761809549	3.96449762962963	0.153122709309754	2.15623807407407	0.12199110213307	1102.74338059259	27.7734181329989	5.27407915343915	0.105281679652335	1.35581639805735	0.044449654673331	22.9529333333333	0.279071785724214	8.39245402303239	0.0369256086711083	24.674465476141
2010.72930285714	467.567618835979	9.9804766725336	8.86368953227513	0.0428587494908454	4.02982651851852	0.165809321418819	2.13539481481481	0.12722215889237	1096.92952162963	30.0650805008902	5.28302427513228	0.116877562881935	1.33472538896914	0.041185262172715	23.0877333333333	0.289184328539802	8.39934270025625	0.0381021575706448	24.8088200844969
2010.72093714286	460.720398730159	11.3299865086983	8.82411937777778	0.0521375689155647	4.04072298412698	0.178525074718387	2.09117333333333	0.107958667097559	1091.56896355556	31.2117466229403	5.22301796825397	0.124753657730884	1.31677055726739	0.0382018508897692	23.1910666666667	0.307573103453885	8.40411125537733	0.0403896102896493	24.9431746928486
2010.71257142857	466.16884042328	13.7599266986362	8.87168984761905	0.0656607209186973	4.10190977777778	0.194116612969193	2.14099318518519	0.104913592149584	1090.65432311111	32.0631134569308	5.24086014814815	0.16517476823387	1.30196908674623	0.0327439109646048	23.0116	0.258632977678519	8.39010710870942	0.034181315364938	25.0775293010233
2010.70420571429	457.371499470899	13.0836487135651	8.78724958518518	0.0500466392128464	4.11161474481074	0.19043901818034	2.17097733333333	0.0962171696121296	1085.31581925926	29.2837830867458	5.21551058201058	0.180375396802985	1.29338350139131	0.0292313493008695	22.8617333333333	0.27562990138895	8.37801648310957	0.0365762089778805	25.2118839093791
2010.69584	463.09608	13.6280107828103	8.86050939324379	0.060786504367359	4.16126372486772	0.176829507184681	2.19361244444444	0.105491087821992	1080.13135362963	26.038088412458	5.29989501587302	0.191380722586029	1.29490661527425	0.0296638762277037	22.8204	0.254335451529593	8.37316533620124	0.033816590174883	25.3462385177349
2010.68747428571	459.963105185185	11.3913810735409	8.8197370962963	0.055764513319059	4.19241494017094	0.173251983965533	2.18867185185185	0.100732613306217	1079.9964282963	23.8386385346933	5.29961034920635	0.167679122512986	1.28390920843667	0.0300299121376074	22.6450666666667	0.277047760480574	8.35929287087941	0.0370233620651472	25.4805931259096
2010.67910857143	468.512595555555	10.6130692352331	8.92526568465608	0.0505562907719936	4.22021688400488	0.177058453237587	2.23439925925926	0.119647120014123	1083.82382459259	24.6852261980294	5.38584852910053	0.163662276270882	1.29907446747331	0.0339230351493351	22.3765333333333	0.309990873393559	8.33898784226537	0.0417746323714798	25.6149477342613
2010.67074285714	466.775503703704	9.41355349060757	8.87680666455026	0.0461521722186813	4.2495522962963	0.19230089200167	2.28856962962963	0.138955705259814	1084.9768277037	25.8858524529503	5.32954666666667	0.164332935010661	1.28272645590352	0.0388706954142893	22.3629333333333	0.376764312669854	8.33585350908534	0.0506798649404043	25.7493023426171
2010.66237714286	466.869765925926	8.61634238878213	8.87848072804233	0.0496996073551043	4.26243822222222	0.206516483770107	2.35595911111111	0.155125911948414	1084.737012	28.3095976067712	5.37808311111111	0.159542930814416	1.2936278056431	0.0408088992559022	22.2387333333333	0.42020424134514	8.32515328935394	0.0566957866887989	25.8836569507918
2010.65401142857	463.961844444444	8.14041031520923	8.8361396973545	0.0438037365308518	4.26999244444445	0.205725709075843	2.33426725925926	0.160213380011164	1077.94432344974	30.6350681743089	5.35250444444444	0.163894942953664	1.28397230275078	0.0405912079445194	22.2250666666667	0.440279948459924	8.32201176054513	0.0593927279170003	26.02552948238
2010.64564571429	465.931484444444	9.234956335779	8.82216026666667	0.033795164946984	4.29915062271062	0.20677988294151	2.31729777777778	0.166361312879946	1069.80437301587	31.0415984857835	5.36320958730159	0.146817191428219	1.27681970866067	0.0435107826183381	22.4453333333333	0.440206733540013	8.33485318964135	0.0589163850487644	26.1857755868358
2010.63728	470.013428148148	9.71984752766235	8.8275596	0.0578686589355766	4.3396660968661	0.193784297372848	2.28236488888889	0.168444625041882	1059.73726637037	29.5288045204938	5.31028126984127	0.147829002518025	1.24830950618031	0.0430211278949509	22.5631333333333	0.388562881675377	8.34085851191337	0.0518825707586661	26.3460216910707
2010.62891428571	472.65002962963	10.7037538154247	8.79803458835979	0.0394663903416266	4.38781831990232	0.201610208966312	2.29746488888889	0.160433155982168	1051.21582719577	26.7966787078667	5.33808823280423	0.144777030045007	1.24345548342481	0.041176936396182	22.7664	0.311948603825328	8.3548699046752	0.0414750577631864	26.5062677955266
2010.62054857143	476.735875767196	10.4552066570111	8.86766226886447	0.0464326425281996	4.42172653746254	0.207414861488319	2.33939792592593	0.125119351012589	1047.18656765079	27.2830992479822	5.60332304761905	0.212787374989846	1.28828496722044	0.0473653077779711	22.9894666666667	0.28655327546992	8.37010200387634	0.0378660449616941	26.6665138999824
2010.61218285714	473.680180846561	12.5067328816288	8.86779848823769	0.0408061880014151	4.42254821693122	0.231491570748003	2.37446740740741	0.102602189238015	1042.97765699471	27.578937702411	5.72527580952381	0.240355300810158	1.32744099687198	0.0498161613934304	23.0181333333333	0.270835846728264	8.37231886784661	0.0357747373644255	26.8267600042222
2010.60381714286	476.490900952381	11.9353842571749	8.91107123728124	0.0343390402101052	4.43586367399267	0.23918724661486	2.44860785185185	0.0960445106994785	1046.40014126984	28.3515880965688	5.82015928042328	0.249085021027207	1.35168599412199	0.0551623037888747	22.9516	0.242434022443417	8.36819036562937	0.0321135351534636	26.9870061086781
2010.59545142857	475.211596825397	12.6433784237777	8.88963691444851	0.035640309317855	4.44409794790395	0.243393837262051	2.50949851851852	0.0942116047937879	1054.25832539683	27.9650641322143	5.65667393650794	0.196502369675776	1.31555955547194	0.0440628468839055	22.7984	0.258275246311262	8.35824606011823	0.0343605320760449	27.147252213129
2010.58708571429	485.146942857143	11.6784466027304	8.95419103915344	0.0562783486156288	4.49908780789581	0.228653417850213	2.6418597037037	0.137090865391954	1058.80712044444	28.5219975134374	5.70455134391534	0.18499243011449	1.30490334895591	0.0484842714732714	22.5909333333333	0.292998804916572	8.34458090598048	0.0392069155511638	27.3074983173688
2010.57872	482.551271111111	12.0607367283943	8.92575597460317	0.0655995517891229	4.5146433015873	0.20539726504676	2.75620711111111	0.172577848136715	1051.74338755556	27.484980576652	5.69894933333333	0.193368446125949	1.29213298303727	0.0448085598788914	22.2625333333333	0.276264984367005	8.32254119588926	0.0374366567831199	27.4677444218247
2010.57035428571	486.633300740741	12.4532012534413	8.91492781164021	0.0671185679707372	4.52956956613757	0.196693476848744	2.84012237037037	0.205566559163165	1044.70669659259	26.8319860438936	5.70000844444444	0.186302109042311	1.28424322544035	0.0446980508433312	22.1273333333333	0.248679764751428	8.31355933058381	0.0339166719072388	27.6279905262805
2010.56198857143	482.31922962963	11.9893198771544	8.82404374098494	0.0454966185275305	4.47036503215303	0.189976146635981	2.90207392592593	0.225946071698954	1043.71934207407	24.9279558516229	5.66937007407407	0.200885785046709	1.28458608393892	0.0357005728218862	21.9724	0.253696046105421	8.30315493622039	0.0348190819351011	27.7882366305203
2010.55362285714	486.016148148148	10.7903180261587	8.87166522604803	0.062317041805212	4.41896643142043	0.196815048885036	2.97912740740741	0.252355292594381	1054.97503511111	26.5673414855004	5.60224488888889	0.192500929648512	1.28352663716158	0.0315684547595134	22.0430666666667	0.266724603230099	8.30971805265099	0.0364783363966801	27.9554398946743
2010.54525714286	484.539416296296	10.0935012652134	8.86352938396418	0.0638952486261418	4.33867897354497	0.195757646597246	3.13360681481482	0.289064655959581	1066.22578711111	30.0825595902466	5.5599077989418	0.189212041803667	1.30159827865366	0.0349393376248486	21.9966	0.295929235427918	8.30816869465182	0.0405034356563618	28.1255973667667
2010.53689142857	484.061841481481	10.0112008595769	8.88614588148148	0.0585809934982906	4.26810255892256	0.210010096197486	3.2691666031746	0.356657823446186	1072.65989259259	33.5779502608245	5.60885365079365	0.178249860311794	1.34789405798505	0.0500167301252926	21.8912888888889	0.388629579578622	8.30251996769391	0.0532279610964643	28.2957548386349
2010.52852571429	489.536561481481	10.177077348724	8.86778302751323	0.0410293167138198	4.29123272105672	0.210658237340474	3.43310987301587	0.422035416093766	1071.43624577778	32.7702115797669	5.65381564021164	0.16117200511905	1.35884522604717	0.0530443342001632	21.8064888888889	0.453815158123332	8.29827066757887	0.0622162772613049	28.4659123107325
2010.52016	496.242672592593	12.1344485201904	8.90690169100529	0.0615382115998283	4.27859039316239	0.214673618408168	3.46376825396825	0.445297983958394	1066.63961140741	32.9222039569282	5.67416234920635	0.144402657485501	1.37800779889916	0.0557631051937697	21.8048555555556	0.568742716882647	8.29982686743533	0.0776270273977158	28.6360697828301
2010.51179428571	507.042154285714	12.6052877835193	8.86977734603175	0.0706604342192743	4.27295003174603	0.196761772256551	3.43728533333333	0.397813544502058	1068.186624	33.6423692619723	5.5913459047619	0.146231023459099	1.35249354113538	0.0487743488708932	21.9370333333333	0.619252991739061	8.31071430232565	0.0839200553774244	28.797992165909
2010.50342857143	511.284401798942	12.6443416326296	8.89500744973545	0.0700015031735961	4.18064298412698	0.165268364590546	3.45025214814815	0.364719338494714	1069.98329451852	31.8244601685939	5.59689741798942	0.129448354825137	1.36978979000001	0.0449326889662925	22.2550666666667	0.536740430896285	8.33433334189106	0.0720881302526752	28.7742638612664
2010.49506285714	514.504372144892	11.7384857063047	8.86854035767196	0.0437176987408327	4.16610876190476	0.132064371834062	3.56197244444444	0.381400422888353	1072.36277362963	26.5548331846774	5.62172567195767	0.137241842885363	1.36787085846228	0.0364708769205683	22.6701333333333	0.4155164527906	8.36421109549072	0.0552411896796663	28.7505355566231
2010.48669714286	513.977206398046	12.2291789533639	8.91253194481074	0.0428777329550644	4.1369239047619	0.118943376462702	3.75162924216524	0.390743665548973	1071.20696822222	20.5175429281915	5.69272634839235	0.144436765729641	1.41315396786067	0.0564004852034195	22.9292	0.33174917662366	8.38326635833728	0.0438606401535164	28.7268072520118
2010.47833142857	520.324992397232	12.7778972427724	8.91291639031339	0.0593936124107132	4.15284600732601	0.120943803964336	4.01385856817257	0.404810748907095	1083.75023214815	23.3701145094891	5.80915679039479	0.193141001965152	1.44843926355159	0.0903836311410046	22.9538666666667	0.318267360902549	8.38658774727636	0.0420634212290896	28.7030789473685
2010.46996571429	519.95802996115	13.9478687961537	8.90502095400895	0.053149452487323	4.14041806919007	0.150163580777633	4.35658112121212	0.42148225502948	1105.46788440212	28.031349051409	5.7660570956451	0.170586133912638	1.44830888589017	0.0889837127585012	22.8936	0.375222712278353	8.3878271825123	0.0495999447538491	28.6793506427252
2010.4616	522.857562692863	11.3021872195794	8.78676502132682	0.0711703237892266	4.18542004639805	0.178242449940265	4.85739724053724	0.504249816272968	1113.54970498988	31.5402149392324	5.79397034798535	0.169475231325708	1.42679277710086	0.0771810292942303	23.2018	0.334471696194993	8.41428770992718	0.0438792469672897	NA
2010.45323428571	538.597050361213	10.9510149792112	8.64096654431217	0.0790699128593429	4.38617334656085	0.179684741435697	5.28177201178451	0.778742044940708	1091.50394186156	31.7045332480046	6.00900602716728	0.0942704149878829	1.41453557563743	0.0622802743797745	23.0876666666667	0.589493926083118	8.41268487611214	0.0770931278761822	NA
2010.44486857143	530.690333333333	11.6140050526493	8.78415361111111	0.0435910067658348	4.11806126984127	0.148359966618423	6.34375416666667	0.517840869631922	1126.7840642735	21.8577804154363	6.48596261294261	0.094609649064121	1.62086999798738	0.090069190052793	NA	NA	NA	NA	NA
NA	NA	NA	NA	NA	NA	NA	NA	NA	NA	NA	NA	NA	NA	NA	NA	NA	NA	NA	NA
