"age"	"BCa"	"se"	"SrCa"	"se"	"MgCa"	"se"	"BaCa"	"se"	"UCa"	"se"	"LiCa"	"se"	"LiMg"	"se"	"d11B"	"se"	"pHcf"	"s"	"Temp"
NA	NA	NA	NA	NA	NA	NA	NA	NA	NA	NA	NA	NA	NA	NA	NA	NA	NA	NA	NA
2013.28975115207	486.991255555556	NA	8.99141807936508	0.0662763219697786	4.11074126984127	0.118008216901883	14.227950952381	2.13401945302665	1088.30697666667	33.2046028228709	5.33549444444444	0.267352587996903	1.29758017474576	0.0498204204609987	NA	NA	NA	NA	22.263095584264
2013.27963133641	526.614512222222	NA	9.12088965714286	0.0769419988190002	3.80489633333333	0.145300519630848	12.9009133333333	1.57030019226314	1214.50091677778	44.8902487344882	5.38786765432099	0.165300768930161	1.4454557564303	0.0556029801678191	23.3705	0.198165839639429	8.47318379847835	0.0259712495014757	22.0444902078225
2013.26951152074	528.003691111111	5.2847847886694	9.08849354334554	0.096692161946205	3.78708388034188	0.147901139117794	11.1067408373108	0.756517983955077	1214.93887977778	40.8432318149255	5.42296839506173	0.1808929972103	1.45951832117701	0.0492490812249888	24.0486	0.353538814465022	8.52004630456162	0.0455249364171753	21.8258848311699
2013.25939170507	536.796477777778	5.07815976128772	9.10406693968254	0.0957509759333284	3.81769274358974	0.166838166355611	10.7084287477954	0.999857381044511	1199.26203911111	34.1456325512649	5.46876296296296	0.17414717616976	1.46983864240076	0.0477740396336793	24.3586	0.381288581290107	8.5426534765799	0.0488558326412605	21.6072794545123
2013.2492718894	533.014293333333	10.9151023510609	9.06002012980353	0.109961922615781	3.82190695238095	0.161114358103057	10.2011298286898	1.25848886877117	1182.89013466667	29.1862252076719	5.58428148148148	0.207071028119387	1.49811183094345	0.0470491485184171	24.7436	0.344644847794234	8.5699651719524	0.0439894476305991	21.3885276439524
2013.23915207373	539.38376	10.8353131236709	9.1053748031746	0.100718280910365	3.92764365079365	0.163487330210617	11.0504881825397	1.75830962314221	1157.80573066667	28.1858995128689	5.6896437037037	0.190094772052596	1.49372589587847	0.0483644676182356	25.1158	0.293044168077859	8.59636361314605	0.0373127801509572	21.1678870213523
2013.22903225806	532.709726666667	11.9224705354536	9.03965171233211	0.0657102463394421	3.98968622222222	0.160594157274324	10.5356841190476	1.54768870288635	1136.68357022222	29.0720224883477	5.72817827160494	0.207687976016783	1.4825686240482	0.0558797232954002	25.179	0.294214925220021	8.60300829322215	0.0374491316132151	20.9472463987473
2013.2189124424	538.362153333333	13.5468350029483	9.07378776336996	0.0602066903240788	4.08020644444444	0.156483339439139	9.64163655541989	1.3530335379	1122.97637822222	30.2633152284129	5.83720913580247	0.218523662875667	1.47748631639342	0.0572011854277679	25.291	0.275594750796648	8.61276312151123	0.0350638352363628	20.7266057763653
2013.20879262673	531.61684	13.9438899785268	9.01669073015873	0.0570269406117088	4.11387133333333	0.15185816078401	9.79383908333333	1.24337250419317	1119.23503244444	32.6728241430224	5.86994839506173	0.240371571009043	1.47022816966041	0.0624725211366956	25.3643	0.354629949540519	8.62005174581595	0.0451019905888526	20.5059651537602
2013.19867281106	539.019958095238	13.5290404371912	9.07417535555556	0.0715791658584266	4.14428666666667	0.137851656611799	9.79310725396825	1.15751882898849	1121.73344066667	34.0614086649866	5.91315382716049	0.231667783323122	1.46897971853346	0.061636724435782	25.55085	0.397510657089845	8.63454711281472	0.0505459628889877	20.2853245311601
2013.18855299539	540.067860952381	13.3588984437891	9.05540546666667	0.0503905312486775	4.13611066666667	0.133915085415818	10.1022945394605	1.15439270342214	1131.483864	36.2633188810656	5.86361365079365	0.175973182064214	1.46065358217216	0.055092297005435	25.35665	0.397405334989074	8.62481500659708	0.0505413218816848	20.0646839085551
2013.17843317972	546.586884761905	13.3461328261311	9.13110548888889	0.0620281989523204	4.082676	0.130035855109369	10.5523234920635	1.23812859598715	1150.47028688889	38.0646236589569	5.92179917107584	0.14901876554972	1.49021870058993	0.0453257618276278	25.25305	0.414352845142612	8.62084612537135	0.0527089310362303	19.844043285955
2013.16831336406	540.043741904762	14.1607414335771	9.09809506666667	0.0697855376477971	3.983904	0.129029287023633	10.7188251428571	1.24223142950424	1174.54011866667	39.2248235285163	5.89656867724868	0.162686763426268	1.51116710024856	0.0474733629460356	25.2095	0.451662589157487	8.62070397394964	0.0574593853741217	19.623402663568
2013.15819354839	540.138532063492	11.7413841533208	9.1486748	0.0706070100516259	3.87805311111111	0.150466465000549	11.1437925873016	1.17872208575861	1205.42195866667	42.1662548808313	5.89269040564374	0.191576910946682	1.54141156897746	0.0476140312964168	25.0426	0.511404258444878	8.61062463420178	0.0650907513031171	19.575994397284
2013.14807373272	537.502502539682	13.0844756575096	9.13794724126984	0.0697170669481734	3.78865317460317	0.164691610227193	11.7140131746032	1.05325222415065	1223.71131044444	41.7677360254985	5.78642074074074	0.241189716227345	1.5387795598233	0.0529351857345578	24.8394	0.486275006783427	8.59780451721483	0.0619647048318441	19.5622527528488
2013.13795391705	541.311264444444	9.6116432000491	9.17365859523809	0.0689667698972434	3.7477593015873	0.184211285678188	12.2028850989011	0.969582499279863	1237.77707133333	36.6243457638795	5.79987185185185	0.265554703449586	1.55165007460499	0.044369997980598	24.4744	0.405069519410626	8.57456326713838	0.0518168493493825	19.5485111084139
2013.12783410138	541.836462222222	10.85881950347	9.13560033431013	0.0744586214660293	3.73736495238095	0.200473890464199	12.2988919982795	1.00595809366022	1242.27478888889	29.4880407930319	5.80774098765432	0.279287493156193	1.56207266965665	0.0524462072020783	24.2928	0.335272254212072	8.56303416487596	0.0430219538518788	19.5347694639787
2013.11771428571	542.213953333333	7.761004867513	9.10874516800977	0.0828527090504696	3.78045031746032	0.193370516179362	12.2021939080919	1.24958347890677	1238.95541333333	22.70371988559	5.83882345679012	0.250069490748766	1.5571163375794	0.0499681371640634	24.2638	0.254940420054918	8.56132763909098	0.0327636413601162	19.5210278195439
2013.10759447005	546.606266666667	8.39392740300939	9.16208805714286	0.0514160552892921	3.805588	0.181018405911705	12.0398289017649	1.56215348305523	1226.54984133333	24.1382561625573	5.89651851851852	0.201594676863634	1.56834260271651	0.0539910714854563	24.3082	0.180636024461715	8.56435558177733	0.0232237638725135	19.5072861751223
2013.09747465438	548.324251746032	7.49429871549214	9.19490275238095	0.0603689687923032	3.79290911111111	0.147624047606814	11.6899148711289	1.77266625886056	1213.16574644444	31.2520238707917	5.87015975308642	0.18225905638236	1.5648715229797	0.0508381464959681	24.214	0.188362770560781	8.55844127800548	0.0242511211129486	19.4935445306874
2013.08735483871	547.019298095238	7.85449312988156	9.22755750769231	0.0758712305141337	3.74505466666667	0.142508895780553	11.0701030998168	1.79470370523602	1192.84536933333	36.2671041246678	5.85985037037037	0.1251025784578	1.58728114573344	0.0589460511202094	24.2686	0.222911252893762	8.56212999452973	0.0286586702295288	19.4798028862525
2013.07723502304	541.856225079365	6.81909594123756	9.15085517045177	0.0367453490107331	3.72025628571429	0.157090029569003	9.66786772758106	1.65414708640782	1178.55093088889	38.7923071807782	5.84450691358025	0.153539738514229	1.58517109855328	0.0644598547436982	24.2726	0.311007688365131	8.5619717481546	0.0399326869346144	19.5146390977343
2013.06711520737	539.366903492063	7.55341258372327	9.15363492600733	0.0412698167134336	3.72610346031746	0.187212689225164	9.28453010662177	1.45561478693839	1161.24731644444	38.5823511177093	5.88712298059965	0.154293614412152	1.58578457513661	0.064815123866027	24.2122	0.308485684883072	8.55727403357144	0.0396460759553143	19.5815097744399
2013.05699539171	533.602791111111	6.35695258547425	9.06273820634921	0.0422954488873784	3.74387052380952	0.201606538188135	8.93035171211505	1.30021525108387	1154.26115022222	38.5511082209312	5.88121097001764	0.172112190183887	1.56482116672469	0.0553151322214916	24.1836	0.346048911122241	8.5546277743056	0.0444696125044537	19.6483804510808
2013.04687557604	542.975322539683	6.89333606350187	9.12342413968254	0.0573653478960598	3.81127031746032	0.237365288217302	10.1089631037851	1.6180670670384	1151.061276	41.0382411012629	6.02702645502645	0.173070583083692	1.57777311599865	0.06531783671523	24.3072	0.396293179911596	8.56180742401255	0.0508037566182171	19.7152511277863
2013.03675576037	549.87198	6.73775167985279	9.13625786666667	0.0466341194007611	3.8894	0.239118272387139	10.6434877777778	1.73229800966563	1159.906602	45.626482913761	6.18734525573192	0.174372676092817	1.58053455960977	0.0589419153209865	24.235	0.285129561193971	8.55635136629595	0.0366437405374072	19.7821218044933
2013.0266359447	559.919933333333	9.36616177866098	9.23877006666667	0.0561615958531701	3.9636	0.264318964889014	11.2542414203019	1.85275271913452	1173.221872	49.7099127563065	6.30665481481481	0.181679340774337	1.58945515278936	0.0749049416074772	24.386	0.400257472690322	8.56528881101331	0.0512577058061439	19.8489924811989
2013.01651612903	551.838362222222	9.01764180771736	9.19773952063492	0.051219357921812	3.93728688888889	0.25063753992989	11.6704228357753	1.91032952478071	1191.05546333333	53.8543311317275	6.23602296296296	0.172211212937005	1.58025970583107	0.0688484117992891	24.4415	0.368767654944591	8.56806322603552	0.0472090395235636	19.9158631579059
2013.00639631336	544.08216	8.01397085732045	9.13143203809524	0.0858265289053247	3.90914266666667	0.24605494060022	11.8422136630037	1.95716305372058	1195.29266933333	56.9093304795724	6.10389777777778	0.18612577992076	1.56854268620662	0.0743505574952751	24.5632	0.340440525071724	8.57508732675569	0.0435337564168563	19.9827338346114
2012.9962764977	537.567077777778	7.94339471502786	9.06960350903541	0.0592561175589678	3.88463622222222	0.213018396528033	11.9414221454656	2.00723023060996	1191.83161339683	53.2516369649646	6.05287679012346	0.205644860350992	1.56497209978813	0.0604749261294752	24.5293	0.338097686409646	8.57155399869723	0.0432517673286448	20.096563311951
2012.98615668203	531.896522857143	7.93924861116294	9.09980614603175	0.0825690115276486	3.87588466666667	0.19212060770063	12.1590328084138	2.03409449623538	1180.66441615873	49.3256867495376	6.01590320987654	0.176252720747098	1.57129140946677	0.0675509885831472	24.5798	0.413281120358098	8.5724815769134	0.0528033290275278	20.2910596402206
2012.97603686636	525.010969206349	6.79037177218994	9.12623286984127	0.0786501650729136	3.83262977777778	0.166048403332732	12.2802725396825	2.10983800881729	1179.76198873016	44.7600276425668	6.01460395061728	0.140842808809346	1.59840471989052	0.0613501438933694	24.1177	0.433184488539365	8.54039378847209	0.0556563710617439	20.4855559684947
2012.96591705069	519.123340634921	7.70661287179919	9.09908684444444	0.0802158138809934	3.80769634920635	0.178114263179308	12.0367579417989	2.18309386125434	1181.57137336508	44.2189076453569	5.92719530864198	0.119045420748929	1.60046953949351	0.070586512961567	23.82865	0.370167830179771	8.51932424655543	0.0478399218647656	20.6800522967643
2012.95579723502	521.420093333333	8.22305774689209	9.08903710952381	0.0875639775603292	3.79091488888889	0.184953258861724	11.7167772455322	2.24458585229071	1189.51930911111	42.3327874827274	5.82854913580247	0.153317390372626	1.58769047341773	0.0652449563576969	23.551	0.36178941081488	8.49887883095344	0.0470319721743895	20.874548625034
2012.94567741935	518.056286666667	7.96465441045053	9.06931385079365	0.0651933446744019	3.72585107936508	0.179341803171022	11.0958153903134	2.1781012324583	1194.75787555556	42.3466564300163	5.79254074074074	0.159667179026472	1.6055201368574	0.0603143829984151	23.2303	0.399352644218671	8.47545677217504	0.0522691269915629	21.069044953308
2012.93555760369	518.29258	7.49801487431156	9.09350178095238	0.0737551895313653	3.68903082539683	0.159765575776711	10.3964002846043	1.8707914873546	1204.11138777778	46.3088409811832	5.81167901234568	0.12352980403061	1.62464606461582	0.0516917727031542	23.3464	0.332961365793557	8.48082037531206	0.0435207510212354	21.2635412813854
2012.92543778802	516.032288571429	7.06723305126269	9.10241572380952	0.05953078049383	3.668124	0.145200106533988	9.57957625641026	1.60169856260316	1211.335212	48.9051280812852	5.9397037037037	0.109333201316542	1.65757703958879	0.0541569728419927	23.5766	0.271812198238252	8.49364677338377	0.0353823465271841	21.4580376096595
2012.91531797235	522.154497460317	7.8819599944736	9.13920401269841	0.0573469682151919	3.678882	0.136288531114728	8.86144834054834	1.32627029771798	1220.46159311111	50.7005022162753	5.95809597883598	0.120083000103753	1.65352771349734	0.0640637660468934	23.689	0.269637822932087	8.49866819320735	0.0350132205310096	21.6553072450039
2012.90519815668	517.935567301587	8.25964318134137	9.10752896349206	0.043036644377577	3.66252466666667	0.126000326646843	7.9696653984349	1.072365452798	1216.66365333333	48.4373859401502	5.93105470899471	0.115757131449366	1.63539159766856	0.0507486448406655	23.6824	0.259086566399898	8.49569518917498	0.0336552755930022	21.8706128522823
2012.89507834101	519.102504126984	9.84501794520784	9.1330393968254	0.0625761125545441	3.68675704761905	0.135162392362838	7.271708	0.793714463674901	1207.52675177778	48.6821220408946	5.85854881834215	0.111584259880395	1.60088579140148	0.0542736767639114	23.8408	0.299569350160452	8.50348527103959	0.0387558928311229	22.0859184595558
2012.88495852535	514.065094126984	9.20383429317495	9.08805031111111	0.0518442841998253	3.71187866666667	0.140662162944383	6.94897107936508	0.681107888242117	1194.66658044444	44.6425907279895	5.78475608465608	0.105455249320992	1.55831916627456	0.0508950847366957	23.5892	0.269623968601541	8.48452342497769	0.0350890757895748	22.3012240666213
2012.87483870968	515.700508888889	8.8781990358323	9.09171246666667	0.06797445510212	3.73449444444444	0.140674354163292	7.03766371428571	0.75142090526808	1190.98985222222	43.788800182845	5.74502938271605	0.141548457309288	1.54897786337798	0.0549801034149434	23.2132	0.25341633727919	8.45723886117867	0.0333047318596957	22.5165296738948
2012.86471889401	506.55386	7.84681775800589	9.0158323968254	0.0742624856646887	3.734936	0.135665491636371	6.97757653968254	0.83062559645386	1184.15981288889	45.0142557856195	5.73026320987654	0.185455442388449	1.5485027162479	0.0491873991146304	23.0632	0.202045803387912	8.44475705619196	0.0267051302407957	22.7318352811732
2012.85459907834	500.013068888889	6.85372084983808	9.02551216507936	0.103041930250978	3.758926	0.167362608949904	6.89782	0.913363501291981	1180.58409111111	48.67234618325	5.68695259259259	0.20561885325482	1.54585339410452	0.0663372630001898	22.8998	0.179114724253604	8.43133403852932	0.0238102971382528	22.9471408884467
2012.84447926267	494.234295555556	6.7884260533061	9.03173645238095	0.066379500209791	3.76779155555556	0.18508245735156	6.94047022222222	0.924159858927095	1182.56952955556	48.7975431614435	5.6526975308642	0.197072200193712	1.54133889051847	0.071198435233476	22.7832	0.192994001058179	8.42099685269632	0.0257417128641908	23.1624464957251
2012.834359447	486.6205	5.89072721614453	8.99626145079365	0.0599952893132301	3.74436555555556	0.188942604721025	6.84172688888889	0.956564271663916	1184.82397488889	45.8822562010801	5.56408913580247	0.145780548376637	1.53984880747818	0.0857725518314389	22.9586	0.268571372678143	8.43021202587233	0.0355409790742307	23.3777521029986
2012.82423963134	483.838935238095	6.02163730219769	8.96645473333333	0.0642314570248127	3.71809822222222	0.163588142817018	6.71281711111111	0.982354716849433	1185.68735244444	41.7822228973196	5.52831308641975	0.139384021492646	1.53436120266228	0.069991691095447	23.4126	0.246819421169945	8.45564837372775	0.032274069530148	23.7742159875382
2012.81411981567	481.482509206349	5.65228409770664	8.93928942222222	0.0773998740932484	3.71667253968254	0.158735046335666	6.53490888888889	0.951876679290505	1183.37240488889	37.6227061961144	5.50604320987654	0.160538030977129	1.53117548114355	0.0688716327845661	23.4856	0.330739078092955	8.45557656423794	0.0430879254478302	24.1911213808253
2012.804	484.351087301587	6.2313881960903	8.9660272	0.0661276524531973	3.74911787301587	0.145607515037272	6.452152	0.914713626044732	1185.25582288889	34.2789330380986	5.53968296296296	0.186579513723331	1.51488981811107	0.0585782834928281	23.8098	0.285632312208857	8.47191589179179	0.0369851679666251	24.6080267741029
2012.79760952381	487.257258730159	6.96580293128078	9.04063328095238	0.0559711580327426	3.75602942857143	0.155351998566135	6.38466533333333	0.802685258621834	1196.411028	32.4037594138389	5.5841649382716	0.177843525816688	1.5312257254375	0.0707001964760222	23.6864	0.311738751022212	8.46080092586125	0.0404478899837351	24.8712948094265
2012.79121904762	486.749368888889	8.54755932263142	9.06656032380952	0.0746778904271645	3.72491657142857	0.144411981444287	6.29304250793651	0.796159491994503	1197.435086	32.6446383228744	5.51859283950617	0.181587433755746	1.52269913670748	0.0693793182378025	23.3428	0.359251839862295	8.43519116843774	0.0469325366459898	25.13456284475
2012.78482857143	482.196917777778	9.15835772245681	9.12793073162393	0.067662842999962	3.643204	0.153416438774088	6.33478977777778	0.87586589963683	1200.219504	35.837671842406	5.47341432098765	0.202971234238464	1.54901181405674	0.0779897545773217	23.1628	0.339034210007715	8.42023305136947	0.0445190486261797	25.3978308800736
2012.77843809524	474.29008	11.9583561047598	9.06643307374847	0.0814001707959624	3.60671888888889	0.147727769044107	6.3631899047619	0.947431107083907	1189.80042155556	39.6689016099039	5.38187160493827	0.216136748303321	1.53375846819558	0.0773426314955664	23.0434	0.299944594883788	8.40924786014946	0.0395584091645222	25.6610989153877
2012.77204761905	463.927786666667	10.8983015850294	8.97265063809524	0.0647392146479331	3.57786822222222	0.152940703407019	6.31632796825397	0.899480504313606	1182.84539822222	40.5348822940851	5.2696762962963	0.176727076945439	1.51430973032304	0.0710411739466802	22.9072	0.300284635341574	8.39711249767251	0.0397629850338159	25.9243669507113
2012.76565714286	461.729935555556	11.674580716324	8.87936322222222	0.077971658925456	3.58743584126984	0.149159578603003	6.557614	0.887328968197087	1166.57583533333	41.0808655539428	5.15859851851852	0.145349523222005	1.47817337768358	0.0724219744828584	23.0922	0.281198300927378	8.4063904301455	0.0370532888530324	26.1876349860348
2012.75926666667	456.99572	11.7609270473522	8.87004679047619	0.070471487009241	3.56680885714286	0.155682986696713	6.95811457142857	1.06403189740407	1156.67846933333	40.5078526066872	5.10804296296296	0.103332097708263	1.46838584328842	0.0740652895561285	23.4318	0.268863360587988	8.42578873163849	0.0351213556107552	26.450903021349
2012.75287619048	454.734973333333	11.7996119045968	8.90854473333333	0.0744608579569722	3.54017958730159	0.159552373194788	7.30280279365079	1.25549706426913	1149.94114177778	41.1178501377734	5.1729950617284	0.0878916774285661	1.49580007646761	0.0827301009680097	23.3996	0.199024465274442	8.42062673532892	0.026063525252356	26.7141710566725
2012.74648571429	451.894175555556	8.3419831315905	8.92901203333333	0.0584938534402148	3.55507914285714	0.142523559952232	7.5945551037851	1.4917133588997	1147.94111688889	41.8620256443258	5.10509333333333	0.0757555779668165	1.47024901998706	0.074703636668846	23.5006	0.134461907038553	8.42505411816584	0.0175914739428453	26.9056462026794
2012.7400952381	453.646711111111	6.36825291233516	8.90608031111111	0.0370075448083948	3.58115552380952	0.155349468470072	7.92246574603175	1.57486012739753	1150.27316555556	38.9301461977441	5.08491086419753	0.0966874029077341	1.46348703770333	0.0840605503586521	23.6196	0.301215876813365	8.43132119123474	0.0391474461689256	27.0383640244886
2012.7337047619	455.2352	4.89309461858795	8.96554211111111	0.0364306292561064	3.61901993650794	0.184945020239459	8.47517125396825	1.80675256357296	1157.45509355556	36.6701354938567	5.0100562962963	0.0895952522496532	1.43688031366876	0.0849898281405993	23.451	0.339398978588131	8.4187326818978	0.0442434997094789	27.1710818465008
2012.72731428571	451.518971111111	4.85642841159257	9.0346634	0.0697583502735931	3.56646977777778	0.222063057300709	9.11562150793651	2.07883588816804	1168.83380888889	34.2021122248147	5.06637975308642	0.114072469266249	1.48353921277319	0.0866112526301868	23.329	0.424221142539805	8.40916919741611	0.0553569537015868	27.30379966831
2012.72092380952	447.41066	6.18423737066959	9.09842493333333	0.0924368810416767	3.52141180952381	0.216891771288568	9.20142061904762	2.03207267900989	1171.272348	36.2045442823559	5.08219851851852	0.123872356353797	1.49779246828642	0.0802859704294452	23.3828	0.446714445205833	8.41118505505253	0.0581896842415333	27.4365174901192
2012.71453333333	442.885023492064	6.18656466024009	9.03146072698413	0.0926857349752107	3.49813841269841	0.219530005304688	8.96100843518519	1.80304904641908	1157.62093111111	40.280617146466	5.11763654320988	0.169160491137457	1.51497602895873	0.0912746094879009	23.6042	0.490580286780643	8.42419215960945	0.0635434841431692	27.5692353119237
2012.70814285714	447.020845396825	5.9243087205301	8.97659040952381	0.062155589263168	3.57678365079365	0.210712385559814	8.76923277533577	1.7033178790848	1142.06969888889	42.6179100024975	5.08972024691358	0.182754938175312	1.46575778335865	0.0883067708002447	23.6592	0.413931202013088	8.42626160067699	0.0536315513854433	27.7019531337329
2012.70175238095	445.208157301587	5.8442345551548	8.88425505018315	0.03808580642262	3.61293	0.193142247830406	8.37209568986569	1.43951872188934	1129.45480555556	39.4577123380229	5.08247985890653	0.175000916299542	1.4447418958396	0.0876074976142749	23.938	0.296463001251608	8.44289870722719	0.0382852443651416	27.8346709555421
2012.69536190476	443.595651428571	6.67119389353777	8.8478161007326	0.0595177060546186	3.60849250793651	0.170996709551695	7.85848872161172	1.16345897329127	1128.93919355556	37.8436107930954	4.99284679012346	0.148643130901121	1.40373031932036	0.078141707655551	23.8715	0.241292227162188	8.43704944399752	0.0312315268845715	27.9673887773513
2012.68897142857	433.825827619048	7.17136177868542	8.84107076825397	0.0498585782242693	3.51209733333333	0.163218980814044	7.19431817948718	0.959309013766377	1136.53254777778	36.063600785585	4.99433012345679	0.134029338696776	1.43336131448153	0.075809735086445	23.8978	0.366205946914514	8.437233048109	0.0472704347915123	28.1001065991558
2012.68258095238	430.353953333333	7.12640154356135	8.92319211428571	0.0475884674463215	3.46525076190476	0.172217170801381	6.87638838095238	0.751973320122315	1153.32053466667	34.8315758379499	4.85898666666667	0.155263882413851	1.41071125387922	0.0797009966440959	23.5678	0.354871801578479	8.41417228966364	0.046122164163501	28.232824420965
2012.67619047619	425.872291111111	7.6306276250124	8.91029482222222	0.0559420102506024	3.46582273015873	0.1618463953226	6.80613084493285	0.619822297295095	1159.12738533333	33.7214280366392	4.86808938271605	0.152449153144309	1.41460096769837	0.0739784485105413	23.3798	0.334471981885877	8.40029719401887	0.04368068569838	28.3655422427742
2012.6698	429.936213333333	8.02839901006586	8.8867808	0.0462193612076952	3.57666361904762	0.172218768164371	7.07328438095238	0.701371179647564	1157.57979733333	35.3639430453223	4.85581777777778	0.151762103042887	1.38026917704736	0.0710600076732023	23.358	0.289362056945965	8.39733642217622	0.0378501793294816	28.4982600645834
2012.66340952381	436.354813968254	8.50383795364725	8.86481402222222	0.0488006582320113	3.73006888888889	0.201410033056047	7.46452882539683	0.877390552322562	1156.00310466667	43.1546220446614	5.0322714638448	0.154437326317774	1.38055366967371	0.0670340532983586	23.1442	0.228835205139225	8.38153898077495	0.0301520471572321	28.6430955085089
2012.65701904762	440.992947936508	9.87179896164647	8.91045661269841	0.0661029632106997	3.8795153968254	0.234380647177133	8.01327092796093	1.11390887756972	1160.48196666667	53.3581795195192	5.11452338624339	0.148963996089508	1.36515612268144	0.0823893764255751	23.2602	0.212714404255513	8.38742297565035	0.0279496463750615	28.7995879631717
2012.65062857143	445.338775555556	11.395945649487	8.93485707301587	0.0460936956271787	3.98879212698413	0.259931726614842	8.34568634265734	1.20965977629547	1166.59124022222	57.2408727495914	5.15281432098765	0.122153015264812	1.35210633875334	0.100051544243544	23.412	0.18834106178833	8.39563824094897	0.0246631641174293	28.9560804178344
2012.64423809524	444.69392952381	12.3255439975962	8.92496765714286	0.0624452457460834	4.00346946031746	0.273455546236593	8.13427107070707	1.20244481275557	1174.00309250794	59.4003274568467	5.09379125220459	0.103258241256522	1.33773548303894	0.0986216697138922	23.3132	0.249290584570608	8.38733358633042	0.0326783906813333	29.1125728724916
2012.63784761905	445.415144444444	15.12218496989	8.95869298412698	0.0776156504300175	3.95999663492064	0.26993857259925	7.73597335064935	1.12987527575916	1187.87205555556	61.8672746618795	5.10313386243386	0.107915320879704	1.35380297066558	0.092752087714952	23.3802	0.32468370249624	8.38995702455264	0.0424115738294546	29.2690653271544
2012.63145714286	439.15184	16.054073575502	8.98255686666667	0.0830481554288761	3.820348	0.254649009342877	7.17849008058608	1.05404890720344	1194.27899980952	58.4442489625727	5.06622825396825	0.115441117726332	1.38011987905972	0.0849592748961871	23.6968	0.28040291645337	8.40892674009343	0.0363969796714194	29.4255577818171
2012.62506666667	433.837353333333	16.1402299858866	8.99374096825397	0.0424648101653478	3.69970561904762	0.232168285475512	6.5083378021978	0.869235507475185	1200.09653928571	50.5450510698534	4.99554970017637	0.0984014307374487	1.39723018462737	0.0752891393408014	23.7918	0.28395906590759	8.41333231612476	0.0367830418719208	29.5820502364798
2012.61867619048	427.188133333333	15.2116782558579	8.95958408571428	0.0366231500254103	3.56422838095238	0.222494892155255	5.70559208058608	0.666858554408729	1190.119944	42.3294190612513	4.87813703703704	0.119584944078127	1.40705001154402	0.069867817910175	23.8866	0.27423170251936	8.41771185288785	0.0354627917273902	29.738542691137
2012.61228571429	423.938026666667	14.4652785719671	8.95455288888889	0.0475824340283066	3.50753034920635	0.224820180472532	5.08243386568987	0.49552232593023	1182.09564244444	39.767335311254	4.84711209876543	0.135692994996972	1.41688478862724	0.0675222147737346	24.0877	0.254782611041038	8.42896870204839	0.0328376345311199	29.8950351457998
2012.6058952381	424.732093333333	13.9196840973279	8.96392361904762	0.0411421017859623	3.50892414285714	0.235791972113658	4.78217638095238	0.498654358449499	1165.75956955556	35.4989265415366	4.8693587654321	0.159232191245298	1.42361626499206	0.0684377256803193	23.8216	0.327979647065011	8.40990270687101	0.0424252344527609	30.0515276004625
2012.5995047619	425.48864	11.7433938129448	8.93256488571429	0.0362191061183917	3.56283222222222	0.256705849394464	4.72793012698413	0.513829742523788	1152.98964555556	33.7875411313069	4.84061012345679	0.162016939312184	1.40147875059645	0.0732203645604346	23.7866	0.32115168448016	8.40583398650132	0.0415759040461037	30.2080200553647
2012.59311428571	425.352762222222	11.2798083788075	8.93872612063492	0.0503645830020557	3.59859888888889	0.275388560189733	4.60533088888889	0.558782658627895	1139.15711555556	31.5900464316984	4.81413802469136	0.1737563870731	1.38916217231271	0.0732799071729764	23.7132	0.334956474784411	8.39925836509685	0.0434162534425475	30.3645125100274
2012.58672380952	422.833428888889	11.1981989149379	8.87388775873016	0.0292393067192302	3.634902	0.266376820943287	4.36728288888889	0.442104117526192	1128.11163333333	26.8723713295708	4.80380691358025	0.164194494924124	1.38092497299072	0.067040071552763	23.6112	0.40277561440032	8.39080365253308	0.0522491004933592	30.5210049646902
2012.58033333333	423.94236	13.7319532713515	8.88755711428571	0.0460098266846173	3.67729380952381	0.254583363989879	4.217528	0.360514790944392	1122.73684266667	29.0337922455897	4.90248740740741	0.149649936587002	1.39855215049665	0.0705014149575869	23.5282	0.450998344416769	8.38509238739375	0.0585526157791225	30.5449080645107
2012.57394285714	427.768057777778	13.9757540147954	8.83383791269841	0.0540847886406189	3.73071523809524	0.262698388895516	4.18149114285714	0.333967748934951	1119.58102333333	41.3443423583474	4.96635703703704	0.112968250575215	1.41638434652689	0.0933269973613027	23.6744	0.498382521541213	8.39610215756126	0.0644560883520491	30.4189641474677
2012.56557714286	430.452066666667	13.5438862404658	8.83753702857143	0.0583180496245342	3.74632876190476	0.303650590003261	4.23052866666667	0.354368675340064	1130.3944212381	54.7400761693062	5.00430814814815	0.119093341290574	1.44394036756004	0.113012530150686	23.845	0.469504253915174	8.40911085298325	0.0605595977872184	30.2540921107077
2012.55721142857	435.129566666667	12.1947550979736	8.82764637997558	0.0677684332532318	3.77278882539683	0.342337699076939	4.28057625396825	0.378408652585937	1147.90540330159	67.7893155960786	4.97576913580247	0.131072335678822	1.44963663526558	0.127581564661909	24.0736	0.446144251709392	8.42583533707174	0.0573497791801003	30.0892200737506
2012.54884571429	438.199415555556	11.4169859804242	8.80734725934066	0.0742733552614687	3.76786346031746	0.355413151700885	4.30716533333333	0.408193066868856	1166.89479933333	71.4779475330656	4.96032666666667	0.149515841620731	1.45102449974948	0.134192883793111	23.9726	0.352005561824747	8.42117277450227	0.0453874364930726	29.9243480369906
2012.54048	445.045995555556	13.1344493909983	8.89129713333333	0.101904603733577	3.77284380952381	0.337467037539146	4.429252	0.434850926445964	1176.52399066667	70.6792899910726	5.00601777777778	0.146323814496783	1.44741398711683	0.127307725040855	24.0258	0.223927458491956	8.42650934995306	0.0289077705667182	29.759476000029
2012.53211428571	449.818206666667	12.418053519254	8.91253491892552	0.0650104379633591	3.77626901587302	0.29404645041936	4.59665311111111	0.520609270700239	1183.29818273016	64.920039258184	5.06510839506173	0.137882422991823	1.43156298934321	0.108703199125942	24.4028	0.179699057067952	8.45274577616888	0.0230705419231256	29.5946039630719
2012.52374857143	455.004653333333	14.6410683288565	9.00344413333333	0.104896882987399	3.78968707936508	0.260418550104624	4.70816111111111	0.620727617926633	1189.45878644444	61.6361371440278	5.12805012345679	0.112140757098418	1.42060383354102	0.0944426488727939	24.5734	0.254004908089063	8.46559984716007	0.0325063013792715	29.4297319263119
2012.51538285714	460.243757777778	13.1082214130603	8.96993667936508	0.0883314660872221	3.84613266666667	0.240480894900814	4.74580755555556	0.701957884395135	1180.210264	53.3158298017118	5.1000237037037	0.136237089937241	1.37834554342113	0.072898303412856	24.6692	0.301297519995694	8.47363431108925	0.0384989041752863	29.2648598893547
2012.50701714286	461.873333333333	15.1583726804699	8.97881713015873	0.0892753044756704	3.880094	0.243062642672955	4.59442266666667	0.675826411166961	1168.61819777778	47.5356534789013	5.14403851851852	0.154477905539119	1.37362625913426	0.0660480113690999	24.8635	0.344278222437093	8.48796469571975	0.0438982245234136	29.0999878525948
2012.49865142857	465.338886666667	14.9811967547683	8.97407191746032	0.0652084001148798	3.93834612698413	0.251905413898508	4.41963422222222	0.640255408277516	1156.36954333333	46.192521319076	5.11900987654321	0.160328233946439	1.33893082631964	0.0638881146200859	25.07395	0.360952647325257	8.50361128506961	0.0459565250760221	28.9078716275878
2012.49028571429	463.073566666667	16.283798009131	8.99332828571429	0.0592067101208958	3.92242079365079	0.260425282686528	4.16266111111111	0.529780458750285	1154.62957688889	47.3934797959524	5.22532790123457	0.148600926974457	1.37214224622889	0.0957583958495725	24.7043	0.438779311778079	8.48380813965715	0.0559849448370109	28.5739932720429
2012.48192	465.165451111111	15.7048233018922	8.99467822857143	0.0382883927974573	3.91002673015873	0.259664754385633	3.96461911111111	0.42993309839337	1154.01711488889	46.8696549180295	5.1532580952381	0.131654431805614	1.36322598427128	0.0990763580612273	24.63965	0.437663125461683	8.48349920423259	0.0558750287290763	28.2401149160986
2012.47355428571	470.139862222222	11.854278511647	8.98722175238095	0.0683794461106511	3.8717953968254	0.247438690639944	3.85353666666667	0.321002513996925	1152.40735244444	43.3147129214187	5.17205594356261	0.10334973295591	1.38810559825191	0.0963855449080162	24.58505	0.480314876177886	8.48383575908811	0.0613314280129078	27.9062365601544
2012.46518857143	482.475634603175	11.2539752212102	8.93586154285714	0.0460976914528689	3.87844149206349	0.224847749673401	3.84487866666667	0.28249818585483	1149.90593088889	35.0137950025001	5.01688105820106	0.122784923526678	1.34034175916278	0.074334893819786	24.56895	0.471134189719046	8.48664622007516	0.0601726381714673	27.5723582046095
2012.45682285714	494.886155555556	9.5320227280262	8.98950625714286	0.0612670980259868	3.86303631746032	0.199275765968559	3.84595431746032	0.249525619170628	1159.22746488889	31.0002509291881	5.12888567901235	0.118848475015334	1.37411815327275	0.0840345075126071	24.533	0.398161022703127	8.48818592073843	0.0509033739829921	27.2384798486652
2012.44845714286	505.231207936508	9.85425642046361	9.00975839047619	0.0503240132908299	3.83827219047619	0.178495478205244	3.92487507936508	0.241842577665445	1176.67634777778	31.2254192968212	5.14832148148148	0.131608513089127	1.38673669159037	0.0683694685460269	24.5733	0.411144366372689	8.4946266756976	0.052534778884807	26.9046014931203
2012.44009142857	512.712411746032	7.91490299709271	9.05276977142857	0.0692241912975721	3.772684	0.172158410429694	4.10040644444444	0.235882620934607	1195.07686222222	32.9225166287961	5.19138888888889	0.141300893517659	1.43019125468505	0.0657846028671998	24.2329	0.447772870251574	8.4765719579861	0.0574255687323468	26.5707231371761
2012.43172571429	517.604328888889	9.48149509621575	9.05955691746032	0.0506974518503484	3.72007488888889	0.162568745584056	4.19690498412698	0.215810395101241	1208.29360488889	34.4150334833822	5.1219437037037	0.146850179476723	1.42893671910844	0.0511243486762907	24.13725	0.463582698183997	8.47425333781315	0.0595212556597744	26.2368447816311
2012.42336	517.896891111111	10.5924575026701	9.08621732222222	0.0700105225881567	3.637114	0.158979894238993	4.25024266666667	0.229585927379201	1222.22314977778	38.1294420007009	5.11537975308642	0.138193434640842	1.46138663902178	0.0661248377917247	24.1946	0.444436427149911	8.48182768370815	0.0570301087560487	25.9029664256869
2012.41499428571	524.990700793651	10.7472452221102	9.13756244444444	0.0699325642042466	3.60327911111111	0.17304849363621	4.48012888888889	0.428106817669352	1227.60427844444	40.5851849574967	5.24107407407407	0.144008348679452	1.51291519586106	0.0895440636247269	24.0024	0.455186096253194	8.47296302993561	0.0585700511920404	25.594572458189
2012.40662857143	523.413917142857	8.47630829595793	9.12686025079365	0.0685253721902649	3.54144384126984	0.190721413572263	4.49715422222222	0.482677580417299	1229.262488	46.7261654902197	5.42778716049383	0.178676902107928	1.57810833449754	0.108443302028564	23.9924	0.471257212146403	8.47471037256556	0.060633784858684	25.3881740952127
2012.38272653061	518.569702490842	8.94761502601126	9.16511093015873	0.0849980434355265	3.4966919047619	0.198408081413063	4.33606488888889	0.388731683168645	1226.57116022222	50.3295843423149	5.52931111111111	0.187479551121953	1.61759536709463	0.121887798744338	24.0802	0.427453384073112	8.48725744292691	0.0549557003824024	24.7984644862131
2012.3588244898	506.195527252747	10.5975873337663	9.09904424444444	0.0958188738280866	3.47394228571429	0.194377318708206	4.09083266666667	0.335690710994698	1228.22531622222	55.0357739848651	5.49319407407407	0.182368925217707	1.6056459995565	0.106277883313144	24.1106	0.424602930852919	8.49609893621144	0.0545659445962929	24.2087548774659
2012.33492244898	504.523477460317	10.3595130477801	9.1211754984127	0.10580080819926	3.46743946031746	0.166040495648041	4.15505911111111	0.439683791170886	1229.06000444444	54.4016944571398	5.34581802469136	0.159145943059823	1.56603931903151	0.0941984944606385	24.0988	0.382752626814413	8.50222652346649	0.0492254268644405	23.6190452684663
2012.31102040816	504.541085396825	10.2997748223773	9.00537328449328	0.0822760627626945	3.53752044444444	0.145434935888828	4.27033444444444	0.543767516468516	1230.39950155556	54.1090890743275	5.22500864197531	0.141019631377628	1.49596223823924	0.0729550356319986	24.158	0.292443954744609	8.5142676287553	0.0376252196710265	22.9184152292899
2012.28711836735	509.752224444444	11.8562817342314	9.08230427619048	0.0920442469739256	3.54332111111111	0.126739484295891	4.38425047619048	0.600120799269092	1239.58372933333	54.1385089847205	5.29124814814815	0.128997484177784	1.51851334846408	0.0727312670661283	24.0784	0.344052166587181	8.51744896811344	0.0442879226665625	22.2098854914688
2012.26321632653	507.962127619048	13.1150870586147	9.04115863809524	0.0673001893302247	3.56457466666667	0.135066242337091	4.53718180952381	0.665705262610338	1244.118764	54.9702783869656	5.28098518518518	0.0895213390189908	1.52296584237512	0.0701176506899429	24.1873	0.369354633862302	8.5328539553114	0.0474467252031516	21.5013557533445
2012.23931428571	510.231152063492	12.0936911351146	9.17989361269841	0.0815758557583781	3.50975066666667	0.143830545475102	4.68573665079365	0.64980794223916	1263.48400377778	58.1963017993626	5.42855382716049	0.10126860973118	1.60856173001186	0.0846537299910529	24.1696	0.37028671173685	8.53722375247274	0.0475784995862689	21.0355020337612
2012.2154122449	507.62936	12.6975149026402	9.16597254285714	0.0769268344506554	3.49368066666667	0.168202834451389	4.77602104761905	0.61851548792224	1270.80615866667	56.3080862526291	5.3301762962963	0.075035243031459	1.5956269942241	0.0868631190153143	24.1358	0.366735805602768	8.53700276726062	0.047148974319871	20.8697953530887
2012.19151020408	513.657224444444	11.4816697381556	9.28536097142857	0.0977070799360324	3.42240349206349	0.164333126674806	4.79113003174603	0.560234393662793	1299.59079755556	50.7159361686226	5.36072864197531	0.0934902490409234	1.63514280247648	0.0760572185491208	24.11	0.398609583427192	8.53729981293155	0.0512443261961959	20.7040886723452
2012.16760816327	515.258027936508	12.2228173702815	9.26823160952381	0.0893829161402988	3.34829347619048	0.152052867984876	4.66949926984127	0.494347538244687	1320.68212004029	43.6919171115157	5.24762	0.115986261318175	1.62739729082788	0.0608567169723111	24.0746	0.432269468426042	8.53697611826694	0.0555759903543827	20.5383819916711
2012.14370612245	515.582590952381	10.3185952784428	9.26330555555556	0.0785704135017986	3.22351482539683	0.131784633516086	4.4621466031746	0.365504889227112	1350.06131784848	37.8877145980111	5.24533654320988	0.129346036044341	1.67820417993056	0.0487099226517761	23.9091	0.395734716136398	8.52376320121641	0.0510468241840414	20.7469432916423
2012.11980408163	525.311872698413	10.4212652981049	9.26631984444444	0.0859807229380858	3.2072946031746	0.130889570437278	4.38158342857143	0.352199308899722	1367.98587109091	36.3145323806218	5.22227555555556	0.122672955998188	1.68497614435762	0.035941280977283	23.78145	0.403061798749411	8.51279972450941	0.0521078136396174	20.9708514417587
2012.09590204082	527.618119047619	9.96529923134511	9.31179708888889	0.0695246495375135	3.16821784126984	0.142535490960927	4.49111571428571	0.396804541463276	1385.54170980952	36.6872006603289	5.30406913580247	0.0916377561254595	1.74806345496908	0.0443022676630291	23.46905	0.389818664751816	8.48970625365705	0.0507393030775489	21.1947595917813
2012.072	534.426213333333	11.3953877091717	9.3391224	0.0651583839252109	3.191072	0.165172193279889	4.63664533333333	0.526315716503711	1393.31563895238	38.9502953723579	5.34385185185185	0.077694353732915	1.76580799202954	0.0535906862161781	23.3393	0.522437025444747	8.48113613168029	0.0680131067055854	21.1973250000275
2012.06363428571	527.993091111111	10.80869259713	9.25102926666667	0.0342317829733613	3.18070422222222	0.169583774528767	4.81379977777778	0.671613806102294	1386.20095319714	39.7320364051375	5.24933185185185	0.113038588960574	1.74151418248278	0.0487403885304845	23.155	0.532994496531938	8.4699574238003	0.0696764134104217	21.1123084285521
2012.05526857143	531.926203809524	11.6020384907499	9.28642248888889	0.0527201837973527	3.23426222222222	0.173851586102781	4.95983574603175	0.758433415922861	1366.49677485714	43.0848938904772	5.22443827160494	0.157195642470068	1.69905136677493	0.0449986299479926	23.22205	0.531366542510911	8.47540570987352	0.0693525000553983	21.0272918571784
2012.04690285714	529.390751746032	11.756904658222	9.2451828	0.0679432166703335	3.27936444444444	0.192308466138901	5.25783295238095	0.933180026388421	1352.65173996825	46.0518746039829	5.31153994708995	0.177627082299386	1.69624100461583	0.0514214508820937	23.0152	0.51066189727973	8.46268277912953	0.0670329004547394	20.942275285703
2012.03853714286	537.456076190476	13.2674981127297	9.29737695238095	0.0706978489879805	3.34892177777778	0.226544692448964	5.60131117460317	1.10707445898719	1334.029542	49.8328781092445	5.49090881834215	0.188471177687681	1.71368776599593	0.0630500923314425	23.2228	0.497815066063694	8.4774712330616	0.0650205314220234	20.8572587143293
2012.03017142857	541.04299015873	13.1231807368993	9.21148621904762	0.0769462314582744	3.44257377777778	0.257199172924321	5.9334518009768	1.28421764354823	1313.46442339683	50.1176457537134	5.50855707231041	0.222133843441053	1.67120582528463	0.0837892326502702	23.1276	0.443911282427769	8.47217175510678	0.0581928592458087	20.7722421428539
2012.02180571429	546.85168	14.1428588984331	9.25775378095238	0.0781244566668824	3.53162266666667	0.26897277324455	6.01247633333333	1.34284361914268	1301.72273095238	51.8776894661465	5.55789481481481	0.182022579740286	1.64944239254633	0.0899110340459011	23.2948	0.454446300458041	8.48424771448591	0.0593099155884875	20.6872255714802
2012.01344	545.139897289377	13.5490684842215	9.1628703968254	0.0768981309140812	3.60886974603175	0.253142186806532	5.82457944383394	1.23607611749885	1291.25480987302	52.039093163417	5.56677234567901	0.147699078741625	1.6132234804005	0.0852947363325436	23.3216	0.451300914640725	8.48702599730339	0.0588657460287454	20.6022090000048
2012.00507428571	549.317278205128	12.3207341039859	9.1727176	0.0715711224394411	3.65708238095238	0.239580503401641	5.64758634432234	1.15257447002148	1280.877192	52.9167638558547	5.6608562962963	0.0955753049410144	1.61831163361518	0.0839725432093203	23.3728	0.461782652097042	8.49141126904573	0.0601471005680843	20.5171924285294
2011.99670857143	550.09689982684	11.9396359815449	9.1147270031746	0.0898230991661749	3.73117955555556	0.212385345266143	5.5628854949495	1.17487068571571	1256.52087161905	51.1891015034384	5.79891679012346	0.118626343109966	1.61330964169202	0.0623011922343304	23.4632	0.403035063266488	8.49738223433404	0.0524518777919702	20.5152196504369
2011.98834285714	552.799762222222	11.4742613897633	9.14259868888889	0.0775346949044305	3.81091174603175	0.199347894789739	5.61735527777778	1.26586958072684	1241.06021577778	51.8122750709778	5.84282814814815	0.116906540496519	1.59538238443434	0.0557524473539865	23.6067	0.3503299413093	8.50529595552464	0.045497405526028	20.6412727204151
2011.97997714286	555.000526984127	11.2508298262242	9.10190758095238	0.103738236341016	3.87014498412698	0.178124140799018	5.71115603174603	1.34730893605029	1231.69692888889	51.2677382742845	5.81618592592593	0.122158452613555	1.56059757216646	0.0562964915856783	23.60005	0.326613434863499	8.50336424433154	0.0424441103268833	20.7673257902426
2011.97161142857	548.584991808192	10.3106758480734	9.1347115968254	0.0785540797451195	3.83139123809524	0.173004151126801	5.70584954761905	1.15652184684767	1241.92954155556	49.0418482282898	5.63610765432099	0.104775286988252	1.53348779777803	0.0780322315192075	23.49585	0.365979811601679	8.49503755548897	0.0476314785095209	20.8933788602208
2011.96324571429	535.378120952381	10.4750278982487	9.12817644444444	0.0860426830326694	3.76053452380952	0.166914052399194	5.596004	1.08573611437971	1252.20011511111	47.7391165091669	5.61554172839506	0.156645996238345	1.55002952849071	0.0927631198325157	23.3912	0.303112476373595	8.48666300967171	0.0396030594461507	21.0194319300483
2011.95488	520.504132380952	9.94122887649275	9.15331677142857	0.072922678093894	3.67656838095238	0.177070008441177	5.3535495018315	0.964586526066045	1264.81502933333	49.4591016522021	5.60267555555556	0.163844030942709	1.58451357305398	0.0940994289107907	23.178	0.324846220028287	8.471088891804	0.0426540037338778	21.1454850000266
2011.94651428571	509.93899015873	10.0323081194543	9.10452246666667	0.076937892121054	3.60172250793651	0.178797236375673	4.91491187301587	0.799704604889693	1261.78872688889	53.4247154429499	5.62858320987654	0.154061168539855	1.62991949048612	0.0926010358093448	22.7717	0.214519310190119	8.44249872127028	0.0286038207694848	21.2715380700048
2011.93814857143	498.937480952381	7.83804172932385	9.06240620952381	0.0672278007740823	3.534424	0.201511668840085	4.66489733333333	0.699784767074372	1250.78859866667	55.0558894301677	5.52934222222222	0.146777847238607	1.63484551099751	0.0941340234008641	22.5962	0.285518701469604	8.4291833774998	0.0382085191572052	21.3975911398323
2011.92978285714	496.060697142857	7.82592083896293	9.07449644761905	0.0725446645553355	3.53744777777778	0.211551744588885	4.638322	0.650309638432987	1236.42765022222	52.7995701335568	5.68404049382716	0.147848202157925	1.67269570994468	0.0780640830494717	22.4039	0.292715275006656	8.41464604915202	0.039430935487708	21.5236442098105
2011.92141714286	488.659926666667	7.96874146480668	9.05785073015873	0.050080385016131	3.53740644444444	0.217230743394219	4.51351822222222	0.595019464544949	1223.037266	45.5833542461478	5.68652320987654	0.203821691266544	1.65514919446541	0.0682457408296425	22.3355	0.369986403654092	8.40849163372071	0.0498296736847834	21.649697279638
2011.91305142857	490.874086666667	7.67160710638302	9.1064812031746	0.0668402101254555	3.55480866666667	0.21405356495438	4.21333755555556	0.525475103798286	1218.07281155556	40.3531509646681	5.66288839506173	0.177795701613729	1.64196249957136	0.0721877543287608	22.4055	0.497180925038584	8.41147821224155	0.0665106210903232	21.8010637468035
2011.90468571429	485.377240634921	7.36529096288712	9.06727912222222	0.0435365474498755	3.48526577777778	0.206399756754942	3.73405888888889	0.458366818340908	1214.84765288889	39.0715858915156	5.46185940035273	0.103770091795132	1.6203038168925	0.0851449557457154	22.76005	0.449676923839031	8.43327928879757	0.0595555668370196	21.9856923910396
2011.89632	490.401573492064	8.57589424697782	9.16341819365079	0.0609409997450121	3.43062765079365	0.206562766046048	3.424568	0.427604828061274	1220.295232	42.8692816580428	5.38398395061728	0.120333870958981	1.63654921228153	0.0905169941149259	22.5972	0.436016533835333	8.42012925662373	0.058067012547145	22.1703210354965
2011.88795428571	484.162340952381	6.74740299307575	9.14883839047619	0.0746938728535137	3.34421876190476	0.199342220443131	3.276284	0.485066700682303	1227.69228666667	45.5105318963317	5.30036	0.13372127257014	1.66351987820919	0.0969147290159362	22.69	0.458326812074819	8.42421650543893	0.0608171905373727	22.3549496799534
2011.87958857143	482.851066031746	7.72016955247277	9.13292744444444	0.0728585590613505	3.27987577777778	0.188518516006825	3.19618	0.502890313697703	1240.90409155556	44.27682591957	5.16526885361552	0.163762348586831	1.64860456392535	0.0941584049971422	22.6898	0.343544200617297	8.42203074245889	0.0457443752561204	22.5395783241895
2011.87122285714	479.990908571429	7.62081631330898	9.10676131428571	0.0670521539190196	3.21570647619048	0.185793344059729	3.07042	0.472861493614367	1259.31634285714	39.9008353706426	5.04639259259259	0.167836038417275	1.64618576868714	0.0952186320861628	22.5162	0.353372004173128	8.4081289850753	0.0473132484575149	22.7242069686464
2011.86285714286	483.138480561661	7.57650792065953	9.12882495873016	0.0671083504612778	3.12975295360195	0.182409988507414	2.93742977777778	0.390439942017675	1280.48572871429	40.3865693033731	5.50175728395062	0.333377570832302	1.7747185162651	0.123329017080375	22.5556	0.301595137007656	8.4086299014055	0.0403950129716275	22.9088356128825
2011.85449142857	481.580598095238	6.39106679381938	9.14153072698413	0.0817044266747285	3.10413917948718	0.200266876118316	2.83053177777778	0.343590654487733	1292.02330774603	47.7182119730636	5.68702592592593	0.480557184270329	1.87654991195226	0.156669366051558	22.7344	0.287054435410584	8.41852706569717	0.0382343276155446	23.0934642573394
2011.84612571429	479.331285714286	6.20729901421856	9.09489816507936	0.0671836470065238	3.14427369230769	0.209343041709238	2.72724266666667	0.318095742896054	1290.80484190476	54.8852174470125	5.89617954144621	0.530410048500592	1.95962161773087	0.156822648364412	22.6058	0.294380924804731	8.40769386468611	0.0393699778356513	23.2780929015756
2011.83776	478.635104761905	4.94759263398152	9.07632295714286	0.0782459319085426	3.25837492063492	0.235630096323768	2.670172	0.270847203780042	1282.44790671429	61.5420661898239	5.47357749559083	0.199764710251689	1.83017324034411	0.108635824242136	22.343	0.259712875648817	8.38768256333498	0.0351067216888126	23.4627215460375
2011.82939428571	481.810515555556	5.89275880086386	9.1063426	0.0647027083883816	3.39890412698413	0.25449995157068	2.805312	0.321960388228041	1266.59459260317	63.7084485227502	5.40868476190476	0.179040587972003	1.72161676212476	0.107903878793951	22.428	0.196293883982382	8.39071752270683	0.0265105841095128	23.6984135760819
2011.82102857143	480.9178	6.13142003382151	9.11553221587302	0.0748357356851843	3.5196873968254	0.256403667184837	3.01839511111111	0.402069461774605	1250.15844977778	65.4139590879107	5.48047894179894	0.247979620900509	1.63027818459979	0.107955283575005	22.2026	0.319975561566817	8.37188410791413	0.0433899694444371	23.9914901841877
2011.81266285714	476.222891111111	7.0324197116821	9.10202953015873	0.0578814720552239	3.63118958730159	0.238073139301274	3.23716488888889	0.416634445705125	1233.41827155556	60.6446926797295	5.44557679012346	0.271392211570496	1.53400248382593	0.0909610358854236	22.2606	0.290028358766671	8.37244122331313	0.0392844708906743	24.2845667926441
2011.80429714286	464.837648888889	8.94326850701199	9.00957202857143	0.0477278653204094	3.6919300952381	0.217614134023057	3.289542	0.391994581965644	1215.24489666667	54.1057036934021	5.42119901234568	0.238586893304733	1.48256942866379	0.0760704802043348	22.1176	0.385396396223709	8.35919672111499	0.0523071996412607	24.5776434007499
2011.79593142857	458.455851111111	8.57425090148418	8.9817893968254	0.0506761177899006	3.70903215873016	0.195083339660327	3.34469688888889	0.452252950025807	1205.13543511111	45.9877443231936	5.2045884303351	0.0985465052467334	1.4300415860364	0.0559030229235299	22.3614	0.352339236784349	8.37250257759209	0.0474372042152034	24.8707200092062
2011.78756571429	458.95214	9.58680313576102	9.0062712031746	0.0690548155108524	3.6866626031746	0.1768247087465	3.44133444444444	0.613521184787959	1201.20259866667	42.713229731499	5.19388310405644	0.152312733610452	1.44182287231511	0.0584006957822127	22.3232	0.391963626430367	8.36648564518334	0.0527729233874314	25.163796617312
2011.7792	458.416698730159	9.21892773802272	9.01149865396825	0.0870389385071513	3.65578711111111	0.176090520526963	3.50189355555556	0.750813699823082	1197.88855755556	42.6976829051764	5.28532204585538	0.175347098496293	1.48256088661646	0.059470908392977	22.4362	0.315578826215505	8.37078457603718	0.0424268761984941	25.4568732257683
2011.76665142857	457.444729206349	8.97677283786703	9.02234202222222	0.0920117479363105	3.65372158730159	0.200220732612839	3.49147377777778	0.796625054896234	1192.32420895238	44.027992606302	5.37212024691358	0.216921672781391	1.51077748678778	0.0708898416289409	22.2482	0.348864500916903	8.35284851941988	0.0471740213236131	25.8964881382776
2011.75410285714	447.651085714286	9.31792962351535	8.92738675555556	0.0760558192067372	3.63176233333333	0.198155652731484	3.29386444444444	0.686314627392691	1181.96942938095	46.7325434821861	5.27564391534391	0.205362439117152	1.50239974459244	0.0706706883149455	22.649	0.227110398998666	8.37500806451663	0.0303960415901496	26.3361030507868
2011.74155428571	451.65542031746	10.376560962497	9.02203371111111	0.0604349410431448	3.60656266666667	0.217299498754943	3.02168911111111	0.480008661698992	1179.91359184127	49.5120394206858	5.16044331569665	0.145103354195131	1.49835789544486	0.0812421974433878	22.5814	0.172400322247701	8.36585727208988	0.0231723030348032	26.7326352849314
2011.72900571429	448.779556825397	10.1232628089488	8.95816565079365	0.0757657463841202	3.5482319047619	0.235402054245718	2.712704	0.327128599591682	1180.11935222222	56.4669545558751	4.97212701940035	0.095649740221	1.48993215479797	0.097530733449058	22.7034	0.339354295357784	8.36975271692159	0.0451723606261059	27.1082383151038
2011.71645714286	458.855327301587	8.66577970732846	9.06582520634921	0.073940138039446	3.50638012698413	0.250587785299492	2.64137155555556	0.273517163888779	1200.07328219048	61.6020121701752	5.0108332627866	0.137174150252388	1.53181389979091	0.106311287312499	22.7292	0.306271948873329	8.36715792686041	0.0407763953171454	27.4838413455756
2011.70390857143	451.870782222222	8.34257042248924	8.97604616666667	0.0793813752446745	3.46428206349206	0.236601698369285	2.63183533333333	0.253471019293681	1215.66012863492	67.7875799914809	4.94800712522046	0.157064188882917	1.52199541729345	0.100348809668601	22.851	0.340387263112016	8.37100702483913	0.0450979627679757	27.8594443760475
2011.69136	455.774231111111	9.82630257676201	9.06844217142857	0.0729031149989384	3.47701177777778	0.217195772206884	2.69258466666667	0.256173142027703	1229.30070332357	70.8778408057966	5.09054652557319	0.204225924402252	1.54901148136392	0.0971366778850465	22.3888	0.368229662635215	8.33546946357364	0.0495000978974414	28.2350474065193
2011.67881142857	445.149364444444	10.4328259890505	8.95931870476191	0.0807181862601583	3.46294589499389	0.194158708153577	2.64153555555556	0.250487133686645	1221.90385162882	68.1134406569666	5.04714038800705	0.227315884364514	1.52273940418982	0.09147608037582	22.5852	0.395481164040857	8.34448665915271	0.0527558543285878	28.6106504369912
2011.66626285714	445.598628888889	10.6413699907577	8.99288022857143	0.0778018692136238	3.43861328571429	0.175722996730929	2.60872311111111	0.252870370266043	1206.77971071795	58.0049852474435	5.11966582010582	0.196993863354611	1.55927636899822	0.101245491103992	22.5492	0.435908777409015	8.33786158157899	0.0581445913040248	28.9757318845088
2011.65371428571	439.522957777778	9.65888312404432	8.88490708095238	0.0806759427770333	3.50186688888889	0.169017669826419	2.57854444444444	0.279692612283424	1185.43581671306	48.3164367072976	4.99609851851852	0.147995431276663	1.50570744650838	0.104810680120368	22.5086	0.41834691080224	8.33455242258464	0.0559091704500698	29.0243717665381
2011.64116571429	441.900278571429	9.5204814187347	8.90614831428571	0.0558093028775825	3.60730396825397	0.17506316860913	2.68101511111111	0.32388523634792	1168.92635685714	42.8228925621849	5.05083802469136	0.156778160536758	1.46076955054272	0.0957494412998511	22.5048	0.387889239631911	8.33373700858466	0.0518964473039656	29.0730116485287
2011.62861714286	449.760392380952	8.68113403573794	8.88170311746032	0.0460678247215042	3.79534954212454	0.201807506501986	2.80206733333333	0.358696472786645	1149.46665955556	40.8887019649513	5.04320444444445	0.168443966482758	1.36735571225294	0.0721131013381799	22.9152	0.332670166982253	8.36080501072164	0.0439996552305946	29.121651530558
2011.61606857143	452.816781269841	10.2931759137663	8.8846324031746	0.0518388528989216	3.89455363369963	0.214132842990829	2.83331088888889	0.359674519372003	1130.65000577778	37.0920546729061	5.12361555555556	0.165803528497503	1.34448961146411	0.0689449453774425	22.8098	0.370767546224495	8.35319169528248	0.0491416879731155	29.1702914125873
2011.60352	456.06316	9.90020134151706	8.81634659047619	0.0473443511015737	4.02704224908425	0.247273668185194	2.81508133333333	0.325600719563921	1114.10547333333	36.2120120866851	5.15602222222222	0.153312586089118	1.31935144043642	0.0808913289465061	22.9904	0.391832821494065	8.36470871141437	0.0516267088076567	29.2189312946176
2011.59097142857	456.304562222222	12.611805961098	8.79683747301587	0.0563655063330922	4.09418715873016	0.257822734731001	2.83984733333333	0.329679042037469	1108.23926333333	34.8226061230181	5.1845362962963	0.169332845082046	1.30610675524306	0.091215416961609	23.1982	0.317539351892013	8.37795570237197	0.0416797386235466	29.2675711766469
2011.58275510204	457.661426666667	13.0873435801025	8.87908666666667	0.0565649229289279	4.07326859307359	0.259434023641298	2.93428933333333	0.338309696967033	1119.01347866667	37.7137872741868	5.30965925925926	0.216918974940835	1.3431688249074	0.0981571656093956	23.2748	0.337067510547467	8.3827186329906	0.0441328429982679	29.2940381830281
2011.57453877551	447.068493333333	13.4948780192546	8.92095046666667	0.0618845683568157	3.89333079487179	0.246407890721389	2.98072577777778	0.346057341749741	1146.71990933333	42.7403650871704	5.3123824691358	0.231408006536487	1.39411804814465	0.0834676369692959	23.0774	0.372768388025475	8.37014982156654	0.0490201371164414	29.2494314812527
2011.56632244898	435.125631111111	13.1533708226476	8.92798377142857	0.053068796902288	3.67294396825397	0.257224270461315	3.10010377777778	0.369284177461562	1178.981196	48.3261449765455	5.21877555555556	0.22546988025504	1.44164845633542	0.07819395883986	22.9554	0.447223240302499	8.36253613996523	0.0588966460399156	29.204824779476
2011.55810612245	428.423482222222	11.5902213805619	8.86671605396825	0.0517203367945656	3.55955746031746	0.271871741273093	3.31158622222222	0.431360334421769	1191.817702	48.8755665468788	4.94913975308642	0.21198047296875	1.3979516716774	0.0709605589597587	22.7988	0.523947257735823	8.35256927677844	0.0691696147328056	29.1602180777005
2011.54988979592	435.702504444444	12.200995629425	8.94196307460317	0.0580441092155273	3.58397684126984	0.271386591324996	3.51378644444444	0.584418288182522	1181.68248044444	47.4119648689627	4.9753950617284	0.230742259697039	1.38786502871942	0.0779306151999761	22.5466	0.431584682047195	8.33608173980167	0.0575805774498761	29.1156113759251
2011.54167346939	439.756077777778	12.4293084646027	8.9071891015873	0.0754079674003149	3.71541901587302	0.236231074096329	3.55706088888889	0.680259833315322	1148.63177955556	40.6462468460096	5.03481851851852	0.254360167972236	1.34739945916273	0.0593200788510514	22.371	0.419860849965001	8.32465984914843	0.0563776964525324	29.0710046741484
2011.53345714286	451.3504	14.7638384825751	8.97656243809524	0.0575259906315311	3.91603838095238	0.205394954294564	3.63754933333333	0.774216455543774	1111.68349066667	31.8558850384599	5.20955111111111	0.235177246594044	1.32102544475818	0.0433280079065742	22.565	0.346095844143401	8.33835017309025	0.0462724638158019	29.0263979723729
2011.52524081633	456.812193333333	15.1433262458408	8.90519247301587	0.0384738624419985	4.11363201587302	0.174838515884054	3.68322555555556	0.791565082852893	1080.26331177778	24.9275271627947	5.22440913580247	0.188167060423577	1.25873640405755	0.0289315720446182	23.0084	0.321188321359569	8.36862657770094	0.042378184700496	28.9817912705974
2011.5170244898	466.600853333333	15.7166439174155	8.93854949523809	0.0413248328541664	4.25566292063492	0.184516787687346	3.92428777777778	0.780707919581348	1073.49978222222	25.0439141933647	5.35331185185185	0.194462996056598	1.2416537723167	0.0343789067428138	23.0374	0.314898791501156	8.37106903218374	0.0415207739511771	28.9371845688207
2011.50880816327	472.416111111111	15.3468339342331	8.94465306349206	0.0692380242911963	4.30861482539683	0.174357082596931	3.86237422222222	0.581397381235465	1074.83196266667	31.1855525303231	5.40320345679012	0.175131861015083	1.24472991745791	0.037551380082833	23.1618	0.314743556989919	8.37984315295024	0.0413563534491832	28.8925778670453
2011.50059183673	473.208162222222	15.8636096976937	8.97084994285714	0.0632203549269176	4.26108738095238	0.190435761820548	3.56943088888889	0.40695129416086	1089.90185911111	37.5615516111232	5.42787135802469	0.161137794506213	1.27682467328983	0.0529911916224359	23.2931	0.238276517703463	8.38904120227706	0.0312599135098477	28.8479711652155
2011.4923755102	475.283115555556	15.0391518675445	8.97567857142857	0.0662830284873107	4.17535622222222	0.177983322193689	3.10246955555556	0.246331464892328	1107.64289777778	41.3378670779858	5.35386148148148	0.118685339250838	1.30016767933537	0.0591113400665653	23.1694	0.244463139689129	8.38345416388556	0.0321746684786426	28.6218019959209
2011.48415918367	471.065466666667	15.9633548242218	8.97906057142857	0.0693897461425505	4.05137333333333	0.17291366942659	2.91395333333333	0.200716041296106	1127.23698666667	42.4407277825873	5.32376444444444	0.0877793074831547	1.33947829350696	0.0630122024711136	22.8186	0.372986034889005	8.36283261027447	0.0494191765683638	28.3815393803952
2011.47594285714	465.667944444444	16.0635035986525	8.96345708571429	0.0601206673952259	3.94283884126984	0.172255373443999	2.90316266666667	0.19605602389032	1131.97798688889	40.6736246694317	5.29557241622575	0.100409028678224	1.37073592504001	0.0555192159130899	22.9872	0.393889121454249	8.37686508544134	0.0518995022769921	28.1412767648629
2011.46772653061	457.499266666667	17.5729397421008	8.93520413333333	0.088745841946277	3.91803419047619	0.171282239642116	2.950112	0.25103848751364	1130.65516666667	38.1781387699025	5.34453428571429	0.10938378543919	1.39077278950328	0.0495736672910933	23.336	0.342410410018283	8.40275186265279	0.0447574589582445	27.9010141493373
2011.45951020408	454.727139047619	19.2849855830733	8.93659315555556	0.0666858631829751	3.97351152380952	0.154421715793221	2.97926622222222	0.311426449336021	1118.24700866667	35.8114322958314	5.5614848324515	0.209481249497713	1.42421023601101	0.0716417523682527	23.6165	0.369326451500265	8.42394315665755	0.0479361064024761	27.6607515338116
2011.45129387755	455.911885238095	19.329616577876	8.92727206666667	0.0765021735102158	4.09899977777778	0.148352767550473	3.05487755555556	0.364498143097281	1102.83174666667	35.3434096147859	5.56887111111111	0.217330405133648	1.39102111706685	0.0664196859165696	23.5884	0.432396299706646	8.4248715774266	0.056086279860514	27.4204889182793
2011.44307755102	462.935118730159	19.5851262211319	8.94796613333333	0.0683790275098158	4.17255822222222	0.143033574157135	3.088168	0.333455604224818	1089.05204222222	33.4704812945699	5.53908395061728	0.2256089984595	1.3591514988878	0.0651660668261201	23.7188	0.479117169617435	8.43616769647801	0.0619325113582399	27.1802263027537
2011.43486122449	466.293473333333	16.5796806752116	8.88597195555556	0.0653599166503676	4.22078482539683	0.164863829436255	2.9718906984127	0.270406146364539	1073.13439755556	31.3482838317826	5.29931012345679	0.164999463016751	1.2865926306234	0.0514370391009701	23.5928	0.408144985132598	8.43070269770757	0.0529606342848528	26.939963687228
2011.42664489796	471.975517777778	16.9385958248714	8.91017624444445	0.0615603414563659	4.24011914285714	0.163961141080188	2.88361577777778	0.208167504204663	1065.66538466667	31.6263191752623	5.39273481481481	0.162893317241608	1.29086820792527	0.0484223240860278	23.299	0.36692926959959	8.41416245085293	0.04797902751816	26.6997010716957
2011.41842857143	474.668520952381	15.6338380826642	8.90208366666667	0.0574402947732429	4.22558904761905	0.183308329550639	2.76709057142857	0.177568657676613	1071.16994666667	35.8386848350871	5.45286973544974	0.197218361908501	1.30754573349924	0.053077347571621	22.9306	0.343319617849024	8.3924814292025	0.0453736360885912	26.4594384561701
2011.4102122449	473.420647936508	16.4495494264745	8.96485448498168	0.0614899430033796	4.17994546031746	0.171722675738604	2.74452404761905	0.149899783179278	1088.84749755556	37.2280062248722	5.49032772486772	0.17172653295705	1.31699814384672	0.048852437356823	23.0284	0.323965677194359	8.4024767854635	0.0427167263853292	26.1592038520719
2011.40199591837	475.02106952381	14.0633855279971	8.99291994871795	0.0689323686714972	4.11674666666667	0.16137692744658	2.72909866666667	0.159839839323193	1110.284804	39.2325309346072	5.41564010582011	0.142710742103585	1.31658393741478	0.0491032231561486	22.8056	0.322917368171281	8.39125738680658	0.0428658190508866	25.8425983109691
2011.39377959184	472.961406984127	13.8996215849366	9.04411105152625	0.054911454268364	4.01242371428571	0.148780627028155	2.75500822222222	0.174153123893833	1126.84762311111	39.5344360851338	5.37881273368607	0.0808907144672709	1.3286239251673	0.0434026252155938	22.4426	0.349117242325395	8.37041745614923	0.0468711353799378	25.5259927698751
2011.38556326531	484.009755555556	11.8813652527322	9.07258128571429	0.0717673276102398	3.94976657142857	0.154088773567677	2.79211888888889	0.207361891864869	1145.16087006349	41.8355739302732	5.51891975308642	0.106183077732099	1.38285386464905	0.0547695415408228	22.4085	0.393048180535443	8.37177421716797	0.0527546743643406	25.2093872287811
2011.37734693878	492.012504444444	12.4441685030469	9.13294797777778	0.0567108082803405	3.88427276190476	0.160351143937485	2.83589333333333	0.251885701110055	1162.00212673016	41.7321706644904	5.67004624338624	0.118100664071501	1.44836064539301	0.0560326914936211	22.7768	0.460473109360845	8.40035613013097	0.0609358661511692	24.8927816876783
2011.36913061224	500.577115555556	10.9939237788409	9.13902495555556	0.0772552986638818	3.82967996825397	0.167238439696745	2.92600222222222	0.319845675533835	1175.03881365079	40.2462250989224	5.69380095238095	0.108878775282557	1.48442870968914	0.0597550405513004	22.8224	0.435006492927277	8.40710218082596	0.0575282045982632	24.5761761461988
2011.36091428571	495.069033333333	11.1091260432791	9.07416875555556	0.0339683144272978	3.6978953968254	0.156429121875075	2.97570466666667	0.361697108429104	1192.16315473016	39.4365205798364	5.51619428571429	0.0893894390704195	1.49371242378335	0.0547565986796552	22.8392	0.443940957035204	8.41191974433434	0.0586658714957888	24.2595706050961
2011.34784285714	489.52328	10.478830962807	8.99805185396825	0.0489722468004336	3.59443463492063	0.133757345268715	2.98085688888889	0.365086672585505	1210.70508444444	39.9387916501721	5.40025167548501	0.147644274532614	1.50833561063646	0.0335690684206949	23.2632	0.459290293097223	8.44601114805675	0.0599815003002853	23.7558799715537
2011.33477142857	485.446362222222	8.88773712709401	9.0253549968254	0.0516851017377167	3.53752747619048	0.118975851665349	2.94905444444444	0.330976739600076	1229.196836	41.8841922019703	5.33862398046398	0.143064767929285	1.54031976175652	0.0307344356725277	23.5092	0.407948384534667	8.46810760906197	0.053031186020867	23.2521893380114
2011.3217	485.758900952381	11.2851995038334	9.10890787619048	0.0425778159735201	3.522668	0.132856675626661	2.97696133333333	0.263471330791299	1234.456144	43.0126009185546	5.32423384615385	0.130211366835727	1.56883599998137	0.0465194515445905	23.944	0.27465242681534	8.50046882306567	0.035478202084624	22.91273134953
2011.30862857143	485.936253968254	9.61857367164	9.11621643174603	0.0596401332022403	3.51709711111111	0.160145889909062	2.99876088888889	0.189836640645003	1238.45006466667	43.8709839400374	5.27927566951567	0.125865473048486	1.5755924333126	0.0514710886546379	24.126	0.245669335127977	8.51601441023421	0.0316469687670065	22.5935755546239
2011.29555714286	487.56187047619	11.8315043539844	9.12139826031746	0.061067791416269	3.51123355555556	0.196923119377168	3.01308155555556	0.150318821975544	1242.55438977778	44.7334598093775	5.26849186813187	0.147614877721441	1.58204168278725	0.0610097863799409	24.46955	0.362140860025488	8.54192483079818	0.0463483386458261	22.2744197597123
2011.28248571429	493.381828888889	7.82884984162784	9.10450697460317	0.0705828193069406	3.55245257142857	0.247042338505644	2.97922222222222	0.129498243306959	1247.03338088889	48.417033434595	5.33367689594356	0.188826597976785	1.5969036560706	0.0670368685578583	24.5609	0.283654972340224	8.55155560207545	0.0362944628592903	21.9552639648062
2011.26941428571	504.547546666667	9.32406722681163	9.17889375238095	0.0560552816171193	3.56227073015873	0.263235471280291	2.98809222222222	0.128578494952296	1250.40869022222	50.2271378134035	5.38027308641975	0.177311170703797	1.61817867406331	0.0689872166040615	24.23315	0.250380000643466	8.53422291253951	0.0321950187436446	21.6361081696503
2011.25634285714	512.444704444444	9.55050190480057	9.18795408888889	0.0555524095703442	3.55384965079365	0.257656479153208	3.00152422222222	0.146425427387897	1256.864912	51.2534464354694	5.37006024691358	0.181100864047009	1.61979447341159	0.0601912825201821	23.9947	0.211710496774356	8.5225661228173	0.0273523441500902	21.3169523747442
2011.24327142857	516.891293333333	11.4955301587814	9.18412548095238	0.0711501250289895	3.50180142857143	0.218633798870143	3.09164911111111	0.167917332045761	1277.89415311111	48.1676046230882	5.35817777777778	0.167327695110855	1.6221694273341	0.0475224285258069	23.89775	0.248146588061707	8.51978441458152	0.0320980029354789	21.0202309392905
2011.2302	520.173313333333	10.5583626832778	9.16403327936508	0.0726513817027579	3.46847107936508	0.197923898895937	3.169958	0.175668360337749	1292.47690844444	47.360756128815	5.31176306878307	0.167557033346951	1.61887289874538	0.0468969591514834	23.922	0.392834146513088	8.52462854495768	0.0506634963160337	20.7446578171873
2011.21712857143	529.573846666667	9.36144740860047	9.17974491746032	0.0697796704700489	3.46727152380952	0.164820506795564	3.21470377777778	0.182755976998496	1303.93088755556	47.9532461148008	5.43377952380952	0.139776984342171	1.64843981597797	0.048644405109978	23.7212	0.395630602119368	8.51482590280071	0.0512139367199378	20.4690846950889
2011.20405714286	540.595275555556	10.6459829931903	9.17658517460317	0.0857935017567757	3.51360844444444	0.170047360840802	3.18251511111111	0.177914503691342	1303.57703871429	54.8371183877137	5.67636779541446	0.184248333505515	1.70523595825009	0.0618700191016675	23.5474	0.34128372686406	8.50673484884591	0.0443888496254612	20.1935115729857
2011.19098571429	543.979560952381	11.1251730542674	9.20138562857143	0.0812126786153613	3.547516	0.179678344066883	3.13841533333333	0.162365522436565	1306.83169268254	60.0949507970149	5.82602419753086	0.171469788703665	1.7291922928577	0.0673158373660882	23.3914	0.246513655244942	8.49976879635091	0.0322515501994953	19.9179384508873
2011.17791428571	539.993804761905	11.4746622433047	9.22522941269841	0.0828107329538385	3.56051288888889	0.209140430736759	3.085918	0.124252800410799	1320.1966668254	63.8291484804604	5.74262049382716	0.174658872036207	1.70818987888438	0.0769498976221302	23.3962	0.239878015295738	8.50337278176295	0.0313846565831852	19.6423653285732
2011.16484285714	536.715701269841	11.0826613249332	9.28020090476191	0.0779865976038485	3.5282120952381	0.23444711572656	3.05262355555556	0.108056683501784	1334.49969931746	62.2998363900925	5.57552938271605	0.161642902081427	1.68838091485772	0.08039814579303	23.4346	0.30984556009585	8.50881231090777	0.0404336505264986	19.3985810384904
2011.15177142857	533.660448253968	12.1252015086105	9.26244756825397	0.096857145070885	3.53062904761905	0.2378322171583	2.99756511111111	0.111394941654853	1345.01829193651	60.3986179955164	5.49185259259259	0.142107805057539	1.66678195366875	0.0717282548974388	23.4608	0.327651603587306	8.51110552680403	0.0427134172000763	19.3508417116399
2011.1416516129	529.002374920635	12.6382459698022	9.23559504761905	0.0982677038968601	3.47936823809524	0.236139667176356	2.94859822222222	0.12012723029893	1348.48896115263	61.2816386620162	5.57251382716049	0.123622659816959	1.72009555130986	0.0866979489061355	23.4824	0.352000732322471	8.51296661581424	0.0458399998069901	19.3138822327766
2011.13153179724	524.171011428571	15.5313119968093	9.23677563492063	0.0665323096201753	3.44721	0.203281495057443	2.92027555555556	0.117883279584497	1347.49365032479	57.0223737510166	5.53886074074074	0.133471284037864	1.70737205926085	0.0752337606084773	23.2264	0.383344788234647	8.49653544438951	0.0501981871822661	19.2769227539507
2011.12141198157	515.603227619048	14.4477552740212	9.19291199365079	0.0928199642770394	3.38705066666667	0.182081197383726	2.83960888888889	0.113315324965773	1339.37986434921	53.3445962421418	5.56017234567901	0.136412493832019	1.7338151837143	0.0809248621224258	22.9667	0.356819968611624	8.47972663851119	0.0470902088569929	19.2399632750874
2011.1112921659	517.724119365079	15.6576727960798	9.15728033174603	0.0947399069301292	3.42133688888889	0.17129165136932	2.86519622222222	0.137570132402236	1324.43436398046	48.3194933635831	5.54728585537919	0.162688744243912	1.69107072569269	0.0512869259568339	22.7338	0.484454832202595	8.46457095018563	0.0641494667452864	19.2030037962249
2011.10117235023	516.070108571429	14.7233483292354	9.11063292380952	0.0892241893690639	3.43019377777778	0.170342450334734	3.00826422222222	0.265326434932441	1302.77734841026	44.792160600554	5.52817289648623	0.17185083425133	1.67869954106792	0.0436798050446745	22.6804	0.576978474468502	8.46141884095337	0.0763272453330295	19.1660443173616
2011.09105253456	525.495952380952	14.8677912500718	9.20420004761905	0.0829381594007567	3.47571044444444	0.180486066299261	3.23681933333333	0.393141707282988	1284.26239605128	45.9211633304234	5.58471825261159	0.179589808446968	1.67185255436517	0.0546543361061335	22.7824	0.52129230870128	8.46872144367009	0.0688570398318156	19.1290848384992
2011.08093271889	516.857964761905	14.1860963280383	9.15119264761905	0.0625998963710923	3.48629717460317	0.192174714842501	3.24340911111111	0.442344198027891	1264.75900596093	49.5281719657002	5.54981575091575	0.182700827537511	1.66315025989289	0.0776284487628928	22.832	0.482734985956753	8.47177036752748	0.063738152228547	19.1522888559576
2011.07081290323	517.000495555556	12.1736878150855	9.14133266349206	0.0788620940944792	3.57290707936508	0.189567992504445	3.37378644444444	0.517887201086874	1251.50994488889	53.0817806707566	5.50928962962963	0.200601360337202	1.60653537575728	0.0765364122856487	23.0136	0.514851762916063	8.48130955538957	0.0675788261182664	19.3689492346348
2011.06069308756	514.010366666667	12.3097375534315	9.11565848253968	0.0645140235678814	3.59255138095238	0.173885550839918	3.50992498412698	0.548602997306732	1256.50526222222	51.2782424923073	5.44018395061728	0.177863481840891	1.5755537404953	0.0651755928918917	23.2212	0.448392110149637	8.49250101899735	0.0586335606969772	19.5856096135311
2011.05057327189	516.961597777778	10.5413948406592	9.20532538095238	0.0622707783731278	3.5628359047619	0.142361649134765	3.8872759047619	0.607023877659171	1283.82788530159	44.7429819488912	5.54299922398589	0.149772587434368	1.61371216480734	0.0431806210701222	23.2594	0.431248116259976	8.49244087770992	0.0563604921275456	19.8022699924226
2011.04045345622	519.195853333333	10.1375589688116	9.26828231904762	0.0697849010706374	3.47453076190476	0.137885044014218	4.02133403174603	0.608752501077979	1329.62644614286	44.400000428705	5.60367552028219	0.136188353764666	1.678537108771	0.0412435342187074	23.3068	0.452466838563889	8.49298829604846	0.0590371581555598	20.0189303713189
2011.03033364055	518.475946666667	10.5660893371485	9.261386	0.0469022264397695	3.43541619047619	0.15024453043614	3.97604295238095	0.570097809165168	1356.02212761905	47.8461202568638	5.61311915343915	0.142980151769433	1.71468001228815	0.048296149077113	23.287	0.497316644045265	8.48910105402926	0.0648559898310168	20.2355907502103
2011.02021382488	519.645748888889	10.5486427728694	9.20399028095238	0.0454027770262623	3.46312492063492	0.169707651669507	3.89717177777778	0.586213305629176	1347.62119066667	51.9498258499435	5.55394271604938	0.162851240115808	1.68317702118461	0.0518608690940814	23.2284	0.369178643899009	8.48265084059982	0.0483572419847356	20.4522511291018
2011.01009400922	517.50912	10.3685159675852	9.18108324065934	0.0763016135069709	3.53828742857143	0.170452401327121	3.78499066666667	0.703875473094425	1311.828328	54.4437294732581	5.58062074074074	0.145765193301664	1.65088484101558	0.0573342531048462	22.821	0.418117500763176	8.45295033162203	0.0553232935215213	20.6689115077839
2010.99997419355	525.219438730159	8.3071409350598	9.13280854444444	0.0773957816971126	3.69064653968254	0.17504107730366	3.78613555555556	0.831274948623729	1268.17104355556	59.6550883670698	5.61014617283951	0.124639878507216	1.58290702461176	0.0562837422376564	22.3326	0.461742116578315	8.41733758902972	0.0619989929643729	20.8855718866753
2010.98985437788	527.265646349206	6.37516761009225	9.1150854957265	0.0706328643066211	3.80510933333333	0.186890082427099	3.48473933333333	0.804475170026416	1222.51013022222	63.9678472727789	5.61725160493827	0.0969337249532169	1.54806074582364	0.062684817643463	21.8303	0.407728124285453	8.38008059461759	0.0559454291939634	21.1022322655716
2010.97973456221	533.873311330891	5.46246909596746	9.08198831159951	0.0785487730763985	3.92510111111111	0.206406358358812	3.27259977777778	0.701420284945519	1184.99497111111	66.337019941641	5.71565037037037	0.123494915878757	1.5314299672869	0.0680382398290456	21.5482	0.488569744822125	8.35766903064094	0.0676491461975406	21.3188926444631
2010.96961474654	530.81399	5.30172390258906	9.05470022222222	0.059554441807137	3.94571577777778	0.215831923450393	3.07382888888889	0.644734897808917	1155.87665377778	61.5532770271031	5.89073827160494	0.178210923254252	1.56065946098365	0.0747907183489318	21.1728	0.477168891600355	8.32823334839975	0.067313575689008	21.5355530233594
2010.95949493088	532.413309206349	7.2718105488698	9.09392576190476	0.0768353097930426	3.95159444444444	0.20328836323577	3.10648844444444	0.663715560341333	1144.79360177778	59.7077275693429	6.0290962962963	0.19623722234726	1.58570569275143	0.0723800176050626	21.1914	0.443828900966728	8.32701883222385	0.0626520534321529	21.7522134020366
2010.94937511521	521.165879047619	7.0364458304507	9.02539226666667	0.0745347909580232	3.88558	0.204298752950878	3.07610533333333	0.641015699368078	1146.58936666667	54.2935909872299	5.98495259259259	0.201033449666811	1.59494105427991	0.0696818689281591	21.8086	0.464303641070271	8.36832056954832	0.0636217368515997	21.968873780933
2010.93925529954	513.228833492063	7.66737190229193	9.06825052893773	0.0757043286072832	3.74319133333333	0.223539898221658	3.19055622222222	0.556865900020711	1170.88701533333	50.8781920097615	5.88236444444444	0.163320211749953	1.63495607147625	0.0823979033359448	22.1892	0.383861340706366	8.39214797823644	0.0519571660495917	22.1855341598244
2010.92913548387	504.30792	7.17154459032064	9.01956729230769	0.0565489330273439	3.62210419047619	0.231795828509989	3.28310688888889	0.506205393431504	1197.22278355556	44.8202736026775	5.74454095238095	0.184972068795446	1.64467398219503	0.0849832484654963	22.5224	0.396386881720372	8.41173070446334	0.052986900257455	22.4536267281408
2010.9190156682	496.82364	8.31781207919667	9.05774022222222	0.0515709898346045	3.49659742857143	0.232397873740671	3.43065574603175	0.539069333433821	1236.60257755556	43.2334904885896	5.57465756613757	0.197013157403895	1.64365668819668	0.0784551973792472	22.6588	0.367279754108197	8.4177847098943	0.0489182923651814	22.7230503920795
2010.90889585253	494.341727936508	8.80867901929159	9.09969173333333	0.0715818588576107	3.49580396825397	0.228766737171053	3.59684838095238	0.562540304687835	1265.972332	41.525015847732	5.52668585537919	0.180342127950792	1.63784209808433	0.0737972090349537	22.596	0.309891880787119	8.41038110449167	0.041437177690792	22.9924740560244
2010.89877603687	486.760284126984	9.4579596045054	9.08796742222222	0.080168061412931	3.48435241269841	0.244212028170338	3.79128887301587	0.511206069615116	1288.01158053968	45.1141342885207	5.45571580246914	0.165676811038411	1.63196524902616	0.0910859859024488	21.9954	0.351475120029853	8.3661249226099	0.0480014193882514	23.2618977196968
2010.8886562212	483.093666666667	7.87239744118761	9.08222117142857	0.0628002334134731	3.511706	0.229530270537004	4.221384	0.566540403909052	1288.23593238095	40.92374762929	5.45958074074074	0.157580827416862	1.61827757075558	0.0967042509557391	22.0568	0.334653279944748	8.36721936008362	0.04561923212834	23.5313213836356
2010.87853640553	478.776380952381	8.38754024455481	9.06172178412698	0.0650478662475984	3.51110720634921	0.20648233596143	4.79330044444445	0.707820091209531	1270.56042126984	38.3739754098481	5.38829679012346	0.160699823554303	1.57412243183933	0.0908051630797434	21.7936	0.345887688901084	8.34576208568426	0.0476580521477334	23.8007450475804
2010.86841658986	480.333386666667	8.66912232407338	9.10990139047619	0.0785316631473829	3.5587499047619	0.199650498119613	5.28828866666667	0.988576487690192	1251.20025066667	38.4888079763175	5.46634074074074	0.140509440601945	1.57518856455594	0.0885989573033922	21.63985	0.312666862562128	8.33181253717171	0.0434452174793343	24.0701687115192
2010.85829677419	482.5463	8.66004372277505	9.08989123614164	0.0805191668123883	3.56225676190476	0.199823931766368	5.43554653968254	1.16863786163332	1228.02180088889	42.3517244273159	5.45214197530864	0.105610220959744	1.57121672194394	0.086220168607676	21.4083	0.415178731257863	8.31260704556763	0.0580562698529938	24.3080438172706
2010.84817695853	485.742128888889	9.07803517634024	9.02830543443223	0.0836846454179739	3.58444266666667	0.185162554727688	5.3495700952381	1.21459385032459	1210.54832111111	45.4413205096021	5.39504888888889	0.0922989627484753	1.55066743966307	0.083011390562272	21.6791	0.505250310902098	8.3296650300981	0.0695033186650544	24.4912546466132
2010.83805714286	490.343268253968	9.28728958150013	9.0026358	0.0677112339950058	3.57237733333333	0.166283236767352	5.14466073015873	1.01568769381749	1208.271036	47.4043363881939	5.35322172839506	0.0665780398208922	1.52231676827529	0.0745918409367013	21.62855	0.398550250909468	8.32396775271062	0.0551974294549513	24.674465476141
2010.8306359447	492.256765396825	9.9804766725336	9.01928214285714	0.0653005580850475	3.56035773015873	0.176158936804858	4.75795933333333	0.744023102918809	1219.04335155556	47.9611720826286	5.36539432098765	0.0832338427972891	1.52414011811226	0.0781129767475446	21.7392	0.368739769726264	8.33018955983868	0.0508799508495397	24.8088200844969
2010.82321474654	490.879854920635	11.3299865086983	9.01862813333333	0.0751218054389201	3.53592426373626	0.191975066895289	4.21599844444444	0.543398019201592	1233.82839333333	51.4226455219909	5.38627185185185	0.113454086659552	1.5384362855329	0.0863560495765847	21.8658	0.346797212599332	8.33748243403613	0.0476313738500398	24.9431746928486
2010.81579354839	488.819177142857	13.7599266986362	9.02464306666667	0.0803913098872303	3.49409006593407	0.192177581214107	3.771028	0.528579166127459	1248.32449333333	52.7468366782607	5.33677777777778	0.122722707742111	1.55238529057423	0.0921310009806575	21.9609	0.330691748040713	8.34253728070934	0.04526559355714	25.0775293010233
2010.80837235023	488.564611428571	13.0836487135651	9.02342384126984	0.087149741849842	3.49742244444444	0.188891917675242	3.58577066666667	0.483634471067001	1271.60550555556	52.2732937101452	5.28142520282187	0.125415683978737	1.5400432831493	0.0993898812851689	21.99105	0.290336667125903	8.34306729469179	0.0397563051195284	25.2118839093791
2010.80095115207	484.661187619048	13.6280107828103	9.0667138	0.0950855433882863	3.43447866666667	0.182592871727591	3.439164	0.41270027979206	1303.612574	50.5483101401323	5.19109978835979	0.114876037874824	1.54830005758318	0.0887487695864449	21.9162	0.397275661362625	8.33630769570408	0.054336450807245	25.3462385177349
2010.79352995392	471.213833333333	11.3913810735409	9.04434295653236	0.0936684537064035	3.29363444444444	0.169223792013746	3.25086911111111	0.347715119616355	1327.65929106227	49.2464207592169	5.0815788712522	0.093799947861116	1.58831375524069	0.0769892115293548	21.773	0.469999267138908	8.32475020394421	0.0644850447698655	25.4805931259096
2010.78610875576	458.260497777778	10.6130692352331	9.0557525007326	0.0719335965883799	3.14189688888889	0.165152037504292	2.90381671428571	0.260608760956474	1337.00762757753	47.8050275252526	5.00437855379189	0.0947671122391461	1.6528421018542	0.077924792329645	21.7558	0.500903756557418	8.32198541980458	0.0686902681618431	25.6149477342613
2010.7786875576	447.805264444444	9.41355349060757	9.00878182539683	0.0560387848776001	3.07110977777778	0.159228109433328	2.73068101587302	0.217650645572261	1319.81736415873	42.4365643996817	4.92113802469136	0.113686069793063	1.67055537098292	0.0768369939775315	21.7494	0.530006964314831	8.31997813107401	0.0726167878646589	25.7493023426171
2010.77126635945	447.416093333333	8.61634238878213	9.02530171111111	0.0703936000342284	3.07615244444444	0.152912401410227	2.81870133333333	0.274464951886618	1302.43210555556	42.1664094453884	4.92334687830688	0.123987198343443	1.67519709719197	0.0837787615566166	21.6818	0.521518845936239	8.31367116535074	0.0716852444651739	25.8836569507918
2010.76384516129	454.853786666667	8.14041031520923	8.96115369047619	0.0834335519340288	3.182512	0.163099894560752	3.27122844444444	0.542283896665376	1274.75575088889	44.6154203015026	4.93889590828924	0.12371021163806	1.63519092504966	0.0911076951718318	21.7004	0.472571010537041	8.31333559132164	0.0650348264469613	26.02552948238
2010.75642396313	463.962668888889	9.234956335779	8.97360662857143	0.075390385232184	3.27886177777778	0.190186903291399	3.82589933333333	0.888350647588587	1261.89811244444	49.6708173931785	5.04263844797178	0.0884123039310746	1.62606031675489	0.103354827899268	21.834	0.404493428047148	8.32084213971178	0.05550011329907	26.1857755868358
2010.74900276498	472.969726349206	9.71984752766235	8.94714741904762	0.0774930772782108	3.39671955555556	0.216416787589331	4.28197447619048	1.19928802654303	1249.22643555556	55.7122668321551	5.09066356261023	0.103947259807612	1.58224551573887	0.0996464232039292	21.7544	0.405086086872627	8.31341677817555	0.0557720243486006	26.3460216910707
2010.74158156682	477.328941904762	10.7037538154247	8.95846504761905	0.055712009403536	3.43246	0.235386174063488	4.58201638095238	1.31215106143353	1251.83249685714	60.2314514165777	5.13970814814815	0.113037418965667	1.57255959984624	0.103017857826142	22.003	0.395275571946684	8.32889116594439	0.053874058594289	26.5062677955266
2010.73416036866	486.276468888889	10.4552066570111	8.9473370952381	0.0558781194246884	3.47701155555556	0.230997928899272	4.86820471794872	1.43595200659148	1259.13365289277	59.112887172296	5.32537869488536	0.157732689504444	1.59715086233971	0.0909090168388521	22.0554	0.413599919406826	8.33066546236935	0.0562135940753183	26.6665138999824
2010.72673917051	492.991717301587	12.5067328816288	8.99065788253968	0.0774524642804876	3.44124577777778	0.223407246536979	4.89309901587302	1.34528263916739	1268.82619173016	55.7375840215128	5.63964257495591	0.360951855814036	1.68479267414304	0.0961637569856553	22.0656	0.413559808921945	8.32951908431403	0.0561854890121367	26.8267600042222
2010.71931797235	499.384518730159	11.9353842571749	9.03860624126984	0.0818749012011212	3.38332222222222	0.217474622572486	4.68076993650794	1.14125550075551	1279.0319231746	52.0330724828495	5.68393354497355	0.394953814655779	1.70760101934584	0.102553043726509	22.0876	0.504247364340603	8.32918822190864	0.0682202599831747	26.9870061086781
2010.71189677419	502.993151111111	12.6433784237777	9.08380105396825	0.0525539734607419	3.32352993650794	0.210114970688476	4.23749111111111	0.841874750036471	1286.08239868519	51.5990408945798	5.50826172839506	0.397148699590458	1.67639220152267	0.105466667469379	22.0254	0.541251393634336	8.32303933053733	0.0733041483204282	27.147252213129
2010.70447557604	499.974868888889	11.6784466027304	9.03600484761905	0.0706643197908651	3.33317257142857	0.212820447282475	3.86025066666667	0.67381737180293	1294.19564791686	55.0528540652502	5.1855649382716	0.168362225990471	1.59536263916358	0.0861107539827995	21.561	0.594923057583453	8.28868432532817	0.0819615815470307	27.3074983173688
2010.69705437788	495.02827	12.0607367283943	9.00656306190476	0.0643212797151927	3.37182844444444	0.224875875655529	3.65643577777778	0.60084191612812	1299.7915398486	59.1382386488841	5.23595728395062	0.148070247350178	1.61014265598039	0.0987371794069427	21.458	0.756218854271404	8.27952366634898	0.103976510181489	27.4677444218247
2010.68963317972	485.948868253968	12.4532012534413	8.99185627619048	0.0959482826934673	3.39205836507937	0.26020228449576	3.68985955555556	0.552824301897919	1294.75105120635	64.7753861495399	5.15639654320988	0.146381207386535	1.61388636279874	0.127937021068787	21.0341	0.790600481350164	8.24713590754452	0.110684444212783	27.6279905262805
2010.68221198157	477.342842222222	11.9893198771544	9.01311993333333	0.085107788568072	3.43373301587302	0.278435604567967	3.84211244444444	0.575617117485962	1286.79194111111	71.4864559372951	5.18965135802469	0.135547024320087	1.62348113740975	0.134702315257113	20.5778	0.821005529146356	8.21152817637062	0.117524216323435	27.7882366305203
2010.67479078341	474.382104444445	10.7903180261587	9.03694470793651	0.0905454086154032	3.50083066666667	0.314134581922278	3.94765577777778	0.56702687913416	1270.2646811746	75.5798776677703	5.16332320987654	0.0867848694392862	1.60497967620411	0.143121740490481	20.5948333333333	0.795794718085847	8.2108824432272	0.113952656678425	27.9554398946743
2010.66736958525	469.183513333333	10.0935012652134	9.0388909968254	0.0765135592621028	3.61993977777778	0.335816592763116	4.04302088888889	0.59279698156582	1255.68976979365	78.2430902322277	5.26354839506173	0.152788645885673	1.57489811922806	0.138977007604291	20.84015	0.678594207935206	8.22717868208734	0.0964493894024887	28.1255973667667
2010.6599483871	468.252677777778	10.0112008595769	9.05789188095238	0.0804038556803943	3.69780088888889	0.372546219801687	4.18220888888889	0.598424878342244	1235.58782260943	77.7375269609018	5.23950631393298	0.187348885319985	1.53269083348703	0.143639928412548	20.9471666666667	0.613342124031206	8.23309596483709	0.08696175379899	28.2957548386349
2010.65252718894	464.394453333333	10.177077348724	9.03680593492063	0.0880382056873803	3.76059555555556	0.372943668162347	4.41467333333333	0.63117518838124	1224.07480222222	79.4401954709547	5.24827548500882	0.179899219355732	1.50613749784016	0.144418427510399	21.2571	0.553545706232908	8.25365730939474	0.0774816413611514	28.4659123107325
2010.64510599078	459.00808	12.1344485201904	8.99622353333333	0.104158150817537	3.76363333333333	0.373494783271285	4.593022	0.633360762905469	1224.58947705051	79.8341246334565	5.35644641975309	0.216481329265194	1.52727216295745	0.149106919327959	21.1798	0.563244984196239	8.24612599054385	0.0791045423477374	28.6360697828301
2010.63768479263	456.562113333333	12.6052877835193	8.91817389523809	0.109360887336793	3.76202555555556	0.338698789715847	4.80935555555556	0.677795219676972	1220.5471074652	82.5106714232857	5.37616518518518	0.22076096745318	1.51137344647304	0.134654082889024	21.24055	0.518326529698113	8.2486530046538	0.0727289946075587	28.797992165909
2010.63026359447	451.546713333333	12.6443416326296	8.89873016825397	0.092152071247259	3.72506333333333	0.321970677712915	5.12302266666667	0.756170764788738	1227.46080450916	85.3773199210419	5.37694666666667	0.185663572134594	1.50119988399342	0.123788104090335	21.0163	0.597177845276337	8.23265961142866	0.0844321485946207	28.7742638612664
2010.62284239631	449.409791111111	11.7384857063047	8.89001958095238	0.107527212020575	3.68081177777778	0.274166867284913	5.40764666666667	0.873271395015375	1235.87958222222	85.6071685833651	5.17385407407407	0.12151055423956	1.46055936805824	0.115057957004717	20.9387	0.61364792747054	8.22725235319189	0.0870424776723802	28.7505355566231
2010.61542119816	446.154899047619	12.2291789533639	8.92321262539683	0.106867801461891	3.59337492063492	0.253239305959313	5.513748	0.884136699661022	1245.90047307937	83.6021720606286	5.11328892416226	0.0887142298955602	1.47842316535442	0.110781599266237	20.91855	0.67820469890079	8.22604544798624	0.095999800555262	28.7268072520118
2010.608	454.521112979243	12.7778972427724	8.8129824015873	0.105234968542632	3.53078982722833	0.228963823465207	5.12734895238095	0.802541219844983	1205.35379296759	72.8037079217569	5.06137485076652	0.0911352866278827	1.50059263432701	0.0917395787552546	19.81825	0.433969673479611	8.14237581727319	0.0667474421553891	28.7030789473685
2010.60057880184	474.456725396825	13.9478687961537	8.76701930952381	0.103364268987496	3.74546777777778	0.243180060690189	3.65763047619048	0.524916350244152	1146.84717622655	73.7218651866931	5.36869324786325	0.0874890136284405	1.50091179332461	0.113149336739319	20.138	NA	8.16774054533855	NA	28.6793506427252
NA	NA	11.3021872195794	NA	NA	NA	NA	NA	NA	NA	NA	NA	NA	NA	NA	NA	NA	NA	NA	NA
NA	NA	10.9510149792112	NA	NA	NA	NA	NA	NA	NA	NA	NA	NA	NA	NA	NA	NA	NA	NA	NA
NA	NA	11.6140050526493	NA	NA	NA	NA	NA	NA	NA	NA	NA	NA	NA	NA	NA	NA	NA	NA	NA
NA	NA	NA	NA	NA	NA	NA	NA	NA	NA	NA	NA	NA	NA	NA	NA	NA	NA	NA	NA
