"age"	"BCa"	"se"	"SrCa"	"se"	"MgCa"	"se"	"BaCa"	"se"	"UCa"	"se"	"LiCa"	"se"	"LiMg"	"se"	"d11B"	"se"	"pHcf"	"s"	"Temp"
NA	NA	NA	NA	NA	NA	NA	NA	NA	NA	NA	NA	NA	NA	NA	NA	NA	NA	NA	NA
2013.73876056338	513.818122222222	NA	9.00885907407407	0.0418378612011515	3.9573112962963	0.182606763901906	5.11151305555556	0.189931386573096	1037.78931296296	7.13253673121583	5.35495148148148	0.258333806767149	1.35660020047612	0.0138498165120347	21.3975	NA	8.28950330240065	NA	26.2300436619842
2013.72157746479	472.624775555556	NA	8.79433472222222	0.0547426741699495	3.83973394444444	0.123874025523507	4.77848070038179	0.409974330538355	990.581946944444	21.5263396851813	5.14742691865079	0.217031645105092	1.34727103320171	0.0333401500615275	21.7977777777778	NA	8.31392994445599	0.0559822196446458	26.5643665081364
2013.7043943662	458.923994666667	NA	8.80578226349206	0.0427034077491415	3.89517477777778	0.155651719005435	4.53735659787851	0.424676459271199	1009.00893911111	25.9812075776512	5.04856877777778	0.190754229945874	1.31090252462968	0.0451940809850754	21.601125	NA	8.2962397108492	0.053100680059627	26.8986893542885
2013.68721126761	459.301470444444	NA	8.79785787936508	0.0362323852456381	3.9990248	0.132612156866064	4.27486492146002	0.415958491698525	1000.75067111111	16.005494408938	5.08927442857143	0.186675430855368	1.2789889653963	0.0423094737031925	21.9823	NA	8.31906359868491	0.0330002572474335	27.2330122004363
2013.67002816901	468.470322666667	13.5333580781155	8.81796373333333	0.0419503909494518	4.09897853333333	0.133573940969973	4.00903599047619	0.350170953310921	993.27986	10.6669333728615	5.20446457142857	0.173144499938819	1.26578999528176	0.041005806455174	21.899	NA	8.30942105064345	0.05354937199216	27.5673350467831
2013.65284507042	479.681855333333	11.2244120888518	8.87978004444444	0.0399336425147906	4.17327493333333	0.117728000851312	3.74931523174603	0.302616583863566	988.269318444444	12.4066177658474	5.26678738095238	0.184209969115311	1.25689852449261	0.0409676004628384	22.1222857142857	NA	8.31997514450543	0.0552519276304473	27.9941773246774
2013.63566197183	492.447181333333	11.1285622920528	8.87974131111111	0.0509998489764616	4.27579413333333	0.11837620554119	3.5457396	0.301866912919538	977.004544666667	16.3856257858372	5.32787064126984	0.171842363144651	1.24431087508875	0.0425580871924317	22.3325	NA	8.32923286968302	0.0488630103385166	28.4435209317006
2013.61847887324	495.577359111111	11.6932927071028	8.87342745079365	0.039057002917262	4.34762895555556	0.10991595846204	3.47603226666667	0.287162240683119	964.643186222222	17.8504482044941	5.31894213809524	0.178281368375727	1.23152435878863	0.0462252280754029	22.3517222222222	NA	8.32538748016131	0.0450458361105603	28.8928645387179
2013.60129577465	495.53901	13.3559052283273	8.82866841587301	0.0332433179264878	4.41624486666667	0.122936432590984	3.554736	0.319602963906436	956.256228888889	20.3745856682131	5.35591295555556	0.199099309691014	1.22322217292685	0.0495216645951509	22.22375	NA	8.31147905348211	0.0294764582232236	29.3422081457411
2013.58411267606	491.060792730159	14.9571289859224	8.84607555873016	0.0288439390051545	4.40957746666667	0.130028129846604	3.69363931428571	0.339705244896453	955.103033555556	21.8128050737278	5.41770271111111	0.213887671119483	1.23980165044734	0.0525510548280004	22.281	0.29818928298121	8.31025866077288	0.0292236982916876	29.7915517527643
2013.56692957746	489.384654761905	15.0580830726665	8.86254650476191	0.0478819531754334	4.39583413333333	0.139284047282826	3.9108980952381	0.402031023821842	966.170673333333	24.5388918532646	5.56946546666667	0.260913287527926	1.27442287237682	0.0466617008084731	22.3012	0.300295046831471	8.31023581178445	0.0269437999946085	29.9143807298466
2013.54974647887	485.149496333333	13.8216296066273	8.85751707619048	0.0507041452301633	4.3845844	0.141317371909191	4.01565948571429	0.395580745321172	969.374178888889	26.5945043799499	5.60152082222222	0.260406348023029	1.28679535580677	0.0457735729344467	22.1747	0.312570407652835	8.30033349011028	0.0288566062319671	30.0216969910451
2013.53256338028	478.608445968254	14.623683518636	8.81608754920635	0.0450833774218672	4.36766362222222	0.144064775789893	3.99225243809524	0.390189471905847	969.150135555555	30.4098500369321	5.56584951746032	0.239477233407469	1.29893220153458	0.0441655419356461	22.264	0.24733691680221	8.30523557624903	0.0315443035740373	30.1290132522436
2013.51538028169	473.483744666667	15.825035291124	8.8327429968254	0.0550704631344562	4.36129986666667	0.163903081045473	3.86666057460317	0.331963152956205	963.285981333333	31.2113325851361	5.49052434603175	0.206939690252328	1.33303893638411	0.0590561634950579	22.1978	0.228029706633671	8.29946790679953	0.0367172401990494	30.2363295134407
2013.50575774648	469.695297333333	15.5951321759002	8.81609553968254	0.0456265826080733	4.36072695555556	0.18822308521988	3.78382318095238	0.412029244678471	953.380324222222	32.618801032225	5.47050285396825	0.195154359871294	1.33039625946315	0.0566086535541986	22.0912	0.299972144712315	8.29144115426729	0.045868164360364	30.2964266197102
2013.49613521127	469.104932888889	15.1468483691002	8.8116198015873	0.0450929034298429	4.3693822	0.197923520536832	3.82348332327672	0.519779011620877	945.632908	30.3325999631691	5.41786420634921	0.191827209154046	1.29052520036478	0.0501929054356844	21.953	0.260134092090538	8.28279978816602	0.0531917945947882	30.2152995775337
2013.48651267606	471.830913111111	12.8172618228564	8.75141606031746	0.0465833018819302	4.41206786666667	0.198231415159969	4.04023417936508	0.635800611264074	939.932748666667	27.0166696085789	5.38468546666667	0.194017800536689	1.23836603511302	0.048790174389065	22.05	0.224354995597572	8.29285456506669	0.0547951989670032	29.9237773752581
2013.47689014085	476.669298888889	13.3698386802881	8.80291629206349	0.0611727118394187	4.42256426666667	0.178349983694876	4.41919798095238	0.763627086329995	946.908884	23.6680350832751	5.40708213333333	0.181973702038856	1.23893973790649	0.0457560796196713	22.0605	0.286559234065314	8.29691576459838	0.0551236069970678	29.6322551729757
2013.46726760563	478.792467111111	10.9298259834171	8.79073068888889	0.0507471121531262	4.45631288888889	0.174235693513197	4.51370310674603	0.766527884915888	951.147974444444	20.5103204199432	5.3841044	0.190400924967776	1.22166453032973	0.0395985985472349	22.0176	0.348786105687513	8.29728598190372	0.0575992782953278	29.340732970397
2013.45764507042	479.045664222222	9.94095315015323	8.82252916507936	0.0471560026500198	4.42424051904762	0.145146268389735	4.41085061379731	0.720054470435697	960.840276888889	19.8534489178468	5.37163053333333	0.195838650344856	1.22180758688838	0.0394129792483181	22.0062	0.367938386415915	8.29983727288341	0.0560734510480874	29.0492107681215
2013.44802253521	474.740703555556	10.7838974665667	8.76923104126984	0.0586987077682165	4.39002632698413	0.135660014383642	4.22269587301587	0.649631137084254	966.457681333333	17.9315070844054	5.31085573333333	0.207645864201368	1.21188435389289	0.0368487172331025	21.9371	0.378635086759824	8.29838589236427	0.0637279148749315	28.757688565839
2013.4384	476.956667111111	10.8081509328806	8.80875884920635	0.035968120327284	4.36841747301587	0.111214747879309	3.94532328888889	0.52407267638432	969.396463111111	16.6705797479134	5.36085628888889	0.184263050558844	1.22776768922545	0.0337084796903424	21.8541	0.297815972907782	8.29595234175366	0.062307722566203	28.4661663635634
2013.42877746479	476.979186	11.9822957234117	8.81225947936508	0.0511815887796094	4.37184406031746	0.0795223300023555	3.76257493333333	0.473337004766097	968.379659111111	14.3004698001771	5.378851	0.175066151005453	1.23223728792899	0.0279040746200573	21.9424	0.306221119400576	8.30545102679681	0.068538431343157	28.1746441612879
2013.41915492958	480.078358666667	10.6025569243861	8.83073155238095	0.0308938775608417	4.37148186666667	0.0577372512324539	3.75519912600733	0.468391102136801	967.327636	15.3251949289102	5.4274968	0.150586437720176	1.24637758073179	0.0300001294601874	22.0968	0.369807231445995	8.31949532934844	0.0667991879963736	27.8831219590054
2013.40953239437	481.849126666667	11.5544705263574	8.8201926031746	0.0362331622563555	4.37451153650794	0.0906072222235031	3.82031507008547	0.487172627113995	969.481844888889	21.7667135277387	5.4833583015873	0.162450771623638	1.25876459383945	0.0436531213596613	22.2884	0.354746886834836	8.3380674730683	0.0663001508675816	27.4136529382958
2013.39990985916	490.588228444444	10.7868295956931	8.89263235555556	0.0304169427805713	4.40122375555556	0.105491164913996	3.9751552	0.518326558205936	971.956908444444	23.0310300234963	5.569436	0.183938330668612	1.2654967217169	0.0454050748272405	22.3914	0.38993920907862	8.35123287326858	0.0598671819157097	26.8821203391796
2013.39028732394	492.309544444444	12.5917432742814	8.92664122222222	0.0344433870010403	4.38863505714286	0.108207490004291	3.99175557863248	0.510438674135363	975.240443555556	19.1802450100297	5.68727443174603	0.175793766622531	1.29514398475169	0.0444990547278154	22.435	0.389084890034158	8.3603449656205	0.0531713470032535	26.3505877394982
2013.38066478873	496.751406444444	11.4149812662673	8.92755411428571	0.0285776180752333	4.37618272698413	0.104723746990115	4.12540129267399	0.491293132942501	978.343760222222	16.097736836274	5.68817776190476	0.155524966082562	1.30010485659816	0.0351121349351494	22.3798	0.319076093932166	8.36274209496862	0.0497914881997517	25.819055140382
2013.37104225352	496.992776666667	13.2403721898055	8.89131083174603	0.0472262517445623	4.31460748253968	0.0926287950256866	4.26371185775336	0.443739835079703	991.149483111111	15.1916062195972	5.60598735555556	0.116626375781445	1.30403678575922	0.0317239196206084	22.2099333333333	0.305287595068125	8.35728966303848	0.0581313980993716	25.2875225412658
2013.3566084507	503.336808	11.5716888803011	8.93069988571429	0.0335503477771319	4.30322648571429	0.0761118441859189	4.5773828970696	0.464404846663547	1001.20087866667	15.2460982138372	5.49413172673993	0.113931682968462	1.29021515615497	0.0243308012500291	22.1196666666667	0.303886255362672	8.36035801067969	0.0622734411899959	24.4902236423027
2013.34217464789	502.350857333333	11.5764555755075	8.94907756190476	0.0501619935853127	4.24414844444444	0.0706952139965274	4.75636809047619	0.464759382114394	1013.92705622222	17.3836836380315	5.49820785555556	0.142275611259515	1.31510291022262	0.0391982045575896	22.1213	0.294645213185099	8.3697804863909	0.0687586258020758	23.6929247439047
2013.32774084507	504.937274888889	9.58536171104253	8.95688600634921	0.0430557176686691	4.16671733333333	0.0997684080685916	4.92612164779665	0.501248243522202	1030.96126022222	17.9369391701729	5.56378804444444	0.200723082135791	1.35677712827548	0.0459643957254303	22.1946	0.364073671138863	8.38196045426252	0.0763314313669579	23.083738115517
2013.31330704225	509.330731111111	11.6723732748752	8.99014982539683	0.0567206050836505	4.04848133333333	0.126804813248522	4.97322490396825	0.545211376411939	1049.932216	17.2945156314676	5.53659542735043	0.24151425913467	1.37913941781316	0.0474892427801068	22.272	0.407113041442296	8.39092950611536	0.0835868326332498	22.7719432167858
2013.29887323944	513.700799555556	12.5875341743112	9.01568202380952	0.0485930014262352	3.97829084444444	0.149309007026441	4.8916027037851	0.617036906036418	1062.93500888889	20.2354310321415	5.4031844	0.212066628693706	1.36675102315552	0.0362467705760313	22.4502	0.384986961784164	8.40675289976133	0.0877710039949609	22.4601483182658
2013.28443943662	514.527445111111	12.7586075793743	8.98524077142857	0.0337228050324932	3.93410142222222	0.166354445592466	4.6180501047619	0.625598563618046	1064.77942622222	23.4339127812801	5.26829084444444	0.211411004491708	1.34843516642106	0.0375722010207579	22.5882	0.392282852497578	8.41977966436407	0.089088706163011	22.1483534195346
2013.2700056338	513.790269555556	11.9299859059669	8.95039753650794	0.0351962377479268	3.91745511111111	0.185488894880414	4.42362613333333	0.587730311579353	1073.06285133333	28.8725782248936	5.16092531111111	0.203772006314878	1.32850843088826	0.034310917147673	22.9059	0.367127717209967	8.44481236634019	0.0834839254998894	21.8365585208034
2013.25557183099	508.993824	11.1468022061907	8.93696166666667	0.044223299804096	3.86422588888889	0.198117023282412	4.41858983809524	0.505726030003703	1090.28185888889	32.441690362552	5.16191375555556	0.237095461732964	1.34465290827602	0.0276025971237285	23.0889	0.32175438440571	8.46068985622977	0.0788840155525836	21.5247636222834
2013.24113802817	513.779402	9.84181520137698	9.02786271111111	0.04074972061937	3.87165191111111	0.203303192298328	4.69661051746032	0.492251077613507	1106.86390533333	37.6983967766952	5.21115137777778	0.239489773573872	1.35780546178116	0.0286773616969191	23.3475	0.275270718738919	8.48151264468831	0.0699792253799387	21.2111864487715
2013.22670422535	516.567360444444	9.00058099466867	9.08686873333333	0.0402497338329608	3.88340882222222	0.213246977113141	4.88896177777778	0.533368264804696	1120.32265622222	43.2261753068926	5.32570122222222	0.264600472616854	1.38429314224533	0.0331070471540939	23.3848	0.320078833264763	8.48769907667706	0.0623397290745356	20.8964886968952
2013.21227042254	521.556971777778	8.74239318429476	9.15863822222222	0.0605297099098278	3.92782944761905	0.2278110831163	5.03117315714286	0.582234615936091	1127.39785688889	48.7503551312165	5.38117784444444	0.239856137377444	1.38274390524703	0.0417597677101893	23.3923	0.360805059428344	8.49192798553415	0.0646660115952109	20.581790945242
2013.19783661972	523.580695111111	11.0790454261559	9.1463243968254	0.0330049710685761	3.97081508571429	0.231077703651531	5.14192355555556	0.616042986315244	1132.31201555556	47.9656875575656	5.41355455555556	0.255501649424129	1.37585509703466	0.0429716658005159	23.1716	0.306780983603655	8.4810921549108	0.0671611357177504	20.2670931933657
2013.1834028169	526.496891111111	11.985790772846	9.19857401269841	0.0543570737508578	3.95996493333333	0.21454831960048	5.1773080984127	0.610714647270385	1133.74484755556	43.1744253342942	5.45155206984127	0.222820662616369	1.3908996961706	0.0464590806245554	23.0442	0.350612488875356	8.47638051944301	0.0651504258855784	19.9523954414943
2013.16896901408	529.975229904762	15.2178590960089	9.14131111575092	0.0405424803803764	3.97489268253968	0.189998989958681	5.16924275023865	0.613659424895516	1131.2629828254	36.7606140611417	5.5224821952381	0.211390775529497	1.4034325146014	0.0474367973270971	23.045	0.363769902752771	8.48018822070773	0.0648255287866917	19.637697689618
2013.15453521127	526.156352	13.3667287334301	9.11392824615385	0.0525589987666843	3.9268944	0.167350867265605	5.05625408210678	0.634171205023373	1133.3802607619	33.4230460500044	5.53850348571429	0.178608554068049	1.42244101945397	0.0459737861414277	23.0276	0.319185463845988	8.47982646208418	0.0638033375024847	19.5710267605636
2013.14010140845	529.402345746032	14.0342888957598	9.06911627936508	0.0429158881447835	3.94040733174603	0.176017552854916	5.14063934285714	0.678242183626355	1136.16296644444	33.955941375015	5.47405411111111	0.165615579880513	1.4034355086575	0.0460376073116611	23.0194	0.3307290944025	8.47951463806915	0.0616770403201397	19.5514271756831
2013.12566760563	530.23584047619	14.4814798166222	9.12786319047619	0.0538185982173689	3.88851471111111	0.171613635557568	5.25855849206349	0.667263249657678	1140.34257488889	35.7252464872802	5.38186184761905	0.166543708975425	1.40137247951774	0.0465169779246095	23.1036	0.328254680906747	8.48534804639223	0.0653702307506379	19.5318275908028
2013.11123380282	533.940705079365	15.8953808630783	9.18846021904762	0.0669435075768824	3.86475039047619	0.16896932089905	4.85688856084656	0.464983331237303	1145.97527644444	37.346419311785	5.35025186349206	0.168542573100742	1.40441375274737	0.0570182088704177	23.1116	0.308418410122481	8.48611344958742	0.0627832331101867	19.5122280059359
2013.0968	533.831401174603	14.027302425007	9.17633211868132	0.0747979770598604	3.85609871746032	0.155419565216656	5.21596795555556	0.640382881313576	1141.71810022222	35.6023393972491	5.41913251428571	0.179628286427048	1.42357023924068	0.0629496055034039	23.243	0.191388005358333	8.49505392629102	0.0631773889290272	19.4926284210557
2013.08236619718	534.893504	12.0891692787926	9.12361564102564	0.0557911372378224	3.88256025714286	0.160105361517293	5.0272396952381	0.693452954584723	1139.14759457143	33.8716540787565	5.45719735238095	0.133490843929048	1.42342579596126	0.0645019642126422	23.3312	0.203708250298483	8.50102069655612	0.061516500077456	19.4807328391399
2013.07033802817	539.082606888889	10.881530799123	9.13619965982906	0.0672023589060741	3.92782448253968	0.146822697845082	4.96370496949717	0.707160490563622	1130.40936565079	37.1680599351499	5.47741502539682	0.110068822727397	1.40913222056853	0.054876846186534	23.4824	0.18119029766227	8.510021801496	0.0599873510860043	19.5602137138375
2013.05830985915	541.364701301587	11.2054892644872	9.11550415091575	0.0453623668030406	3.97126659047619	0.163399276825882	4.95973573858364	0.752689891747374	1133.63172130159	39.992381059152	5.49007344444444	0.159481816914681	1.40536236126648	0.0661561210287661	23.617	0.286270100164048	8.51789648569689	0.0595450612314217	19.6396945886011
2013.04628169014	545.569009650794	11.9930102216719	9.16187031428571	0.056859968695032	3.99685068888889	0.177228244065669	5.01322836819847	0.780216775230306	1141.67849266667	42.4215028178374	5.55847718571429	0.175556647622737	1.42476292004635	0.0629744642210362	23.6186	0.291601777590972	8.51705233371753	0.0595324891231375	19.7191754633001
2013.03425352113	540.210676063492	10.1715490186043	9.1259373015873	0.060218843971109	3.98145952063492	0.186198499368748	5.01826009446849	0.753492430448129	1156.374078	44.3487844445999	5.57884228571429	0.200261162141323	1.43925114002495	0.0625090192328035	23.57655	0.348432779245714	8.51335069221197	0.0545838095369007	19.7986563379977
2013.02222535211	536.827282666667	9.9722176213695	9.19876037777778	0.0661832421738549	3.92018053968254	0.179903886209383	5.01625716799867	0.686024092158109	1178.81144526984	44.8951186361441	5.59293913650794	0.229712938847274	1.44374767084903	0.0555482328117194	23.39555	0.44150645194316	8.50051658651232	0.0556845854137151	19.8781372127628
2013.0101971831	531.197868051282	8.65006254587789	9.20613506666667	0.0622801808321549	3.83220363809524	0.178083939882156	4.91080156520147	0.571912739926054	1204.01865904762	43.7396123418146	5.59527883809524	0.280950947240695	1.46048396777163	0.0608671267039392	23.29145	0.41975889970827	8.49270565494155	0.0571895275027785	19.9576180874603
2012.99816901408	528.893679277778	9.70909486097229	9.15194880952381	0.059748504085795	3.76148496031746	0.183076461423888	4.86028286568987	0.540891719589469	1214.77212847619	42.1884724764168	5.54681300634921	0.311813372771964	1.46964852269651	0.0640112823104456	23.28715	0.296260327783154	8.49119944413216	0.0474607013997304	20.0601903681011
2012.98614084507	532.931895888889	9.88632353278035	9.20516328571428	0.0358302271274976	3.72635623492063	0.176780762585809	4.90574026984127	0.52001444558989	1210.77728622222	37.2722867389873	5.49286842222222	0.237165214786347	1.48138455245065	0.0613739376557544	23.4444	0.33594209457746	8.49880829795406	0.0427248087908829	20.2913640163759
2012.97411267606	538.117763245421	11.311005957092	9.20977793650794	0.0559072886738329	3.75528299047619	0.168596114487121	4.88453573650794	0.513491214254556	1193.65328266667	36.0128514517398	5.51553046190476	0.199721257972712	1.47391576608346	0.0531705099424121	23.581	0.328500809463511	8.5050235217912	0.0446040264889866	20.5225376646463
2012.96208450704	544.879458666667	10.0591828431602	9.22653131037851	0.0476043222186781	3.83945274285714	0.163689906189211	4.81645585555556	0.477976211935431	1170.28131288889	37.5821161896564	5.60058898095238	0.167805262515399	1.46965885739913	0.0518423360781129	23.6903	0.279603252709299	8.50942775314731	0.0428911107431933	20.7537113131134
2012.95005633803	551.96105815873	10.610560246633	9.17916278803419	0.0391756246696441	3.95670778095238	0.158607936505926	4.68305272857143	0.471501539740641	1142.49459777778	41.2449841848485	5.66778758412698	0.14205123247764	1.45692451657092	0.0527471082778308	23.6784	0.311791517545336	8.50590847481326	0.0442641962400412	20.9848849613839
2012.93802816901	555.771531460317	11.4360749837323	9.17999106984127	0.0440642331576872	4.02839805238095	0.180294536630239	4.6065597968254	0.486579352666326	1118.37469088889	44.2627886387394	5.74044270952381	0.138813230011476	1.45872938457346	0.0572418424040956	23.7202	0.23988881377673	8.5058998205093	0.0461261105950577	21.2160586098466
2012.926	557.263966666667	12.3139816649466	9.23985427655678	0.0826168556906957	4.05061549206349	0.194735862181564	4.58188399023199	0.519410252231501	1108.55108511111	49.6694888017781	5.71374242857143	0.139106546354751	1.44904682732115	0.0643359142217914	23.7026	0.158931972556897	8.50201556149507	0.0441281108011662	21.4472322581215
2012.91397183099	550.262780349206	10.3811993918264	9.21296853809524	0.06898275919286	4.00793732063492	0.207957417572317	4.62609344445369	0.544400588262762	1114.87866888889	52.0478377773188	5.70729412063492	0.143781250249507	1.46700056258105	0.0742318064371324	23.572	0.202494640271892	8.49067578449429	0.0470228925656038	21.6839472709149
2012.90194366197	543.042303094017	10.7140161646946	9.20416186349206	0.0831498276258197	3.94020465396825	0.200340838123019	4.73919483003663	0.578085600746506	1129.84206755556	53.9474654455134	5.66981288888889	0.18466605286989	1.4859523021901	0.0855846244821142	23.362	0.216017014175326	8.47385763719524	0.051780422174474	21.9398543269026
2012.88991549296	536.811767076923	9.75902975548805	9.17742911746032	0.0591820160759175	3.85652176190476	0.198657216672239	4.81275358132978	0.531781349986822	1145.93933777778	53.0806055052382	5.68637642539683	0.192042544008142	1.52712373796233	0.0870113568603458	23.2104	0.285789531295929	8.46082928972068	0.0543094323513031	22.1957613826823
2012.87788732394	531.212223196581	9.0062334059741	9.16136715946276	0.0868379840562273	3.76653272698413	0.213557100197057	4.94102967283827	0.493804377752783	1161.06735666667	53.6152945973659	5.67277973492063	0.226177415053695	1.5628167779286	0.0982754620506942	22.9696	0.322269206289267	8.4418176630047	0.0583846266932522	22.45166843867
2012.86585915493	525.617852222222	8.33770880167652	9.08675328351648	0.067195577833574	3.67812136190476	0.237578699583689	4.91797713968254	0.448741719655666	1176.76984488889	55.1445084356883	5.5670841015873	0.181118116106916	1.57163577892956	0.0884886946940122	22.8328	0.354563655127243	8.42966297967712	0.0624150471589591	22.7075754944497
2012.85383098592	521.969347492064	8.34842719294853	9.02394812576313	0.0855067238634802	3.64624991111111	0.235801781885639	4.80611924444444	0.432172646368509	1173.17963777778	55.3793413372516	5.48175764444444	0.211948519314827	1.5553993878609	0.0863779289187573	22.917	0.277479788557385	8.43229183386886	0.0563982088555868	22.9634825502245
2012.8418028169	518.997410380952	6.54163357484725	9.0189881025641	0.0709787936639646	3.63611013333333	0.207874634059951	4.5470864	0.401739532243445	1163.746648	50.6333257119648	5.39227146666667	0.23914880523288	1.52788758091701	0.081975354843881	22.9286	0.240712352771642	8.43006505475449	0.054791863917707	23.2193896062122
2012.82977464789	515.714715460318	4.91211106401696	9.02745377460317	0.0759236828466409	3.66000553333333	0.170245896775866	4.37027488888889	0.365326782479116	1149.48815333333	44.9683872296855	5.35115238095238	0.215807844867944	1.49566012876344	0.077752100568103	22.9314	0.290454588846205	8.42642395390823	0.0561708155947365	23.5461902678227
2012.81774647887	511.085775428571	7.05234918669136	9.08245950476191	0.0680372208162918	3.67296033333333	0.135318991317639	4.26831048888889	0.348965943502412	1139.71502399023	41.1495543216742	5.30517716825397	0.189403536266138	1.47308264840149	0.07534728374656	22.8896	0.255707567996292	8.41783662995973	0.0542233655907793	24.0417139709446
2012.80571830986	505.661173079365	9.06447581508158	9.06212291111111	0.0641871264626988	3.69670996507937	0.120693030638243	4.23776903968254	0.377921642574797	1128.69367667521	41.1546514080643	5.27332754603175	0.185375805315003	1.45210568494198	0.0759865437792886	22.7612	0.338553194789946	8.40344886124731	0.0549665745344665	24.5372376736636
2012.79369014085	502.061588857143	9.15426968609412	9.04016717777778	0.0716054500134071	3.74348154285714	0.138709908229686	4.16578641782662	0.434728337178051	1116.11393858586	46.0724404165911	5.35803040952381	0.199107750951476	1.46470419728948	0.089872653742554	22.6136	0.434901018471754	8.38773701673853	0.0513727254393022	25.0327613763734
2012.78382853644	504.146002666667	9.65701239639902	9.03067293333333	0.0680211221295631	3.81188528571429	0.167192952140445	4.01349618917749	0.4801102140567	1094.90564680952	49.9031051553158	5.46473341684982	0.197527660894485	1.47367702368379	0.0937827458121274	22.5388	0.406898968108711	8.37795613482106	0.0414048919716574	25.4390292570328
2012.77396693203	502.76456415873	10.1080883075438	8.98387535873016	0.0822158264157537	3.91097666984127	0.200529547397489	3.88695013376623	0.489147817268456	1069.40027514947	49.8700325522591	5.47444709084249	0.167925167730552	1.443722353654	0.0895379850469369	22.445	0.336173882594771	8.36687685037944	0.0409361253892477	25.8452971377016
2012.76410532762	506.79569968254	8.89517029590734	9.00513066666667	0.0577889566780065	4.0195664	0.202943923265922	3.7284594994561	0.403662770891126	1044.03056213131	41.3595130860647	5.46684199365079	0.135118102613718	1.40161231799168	0.0862877170234908	22.4678	0.407651455401436	8.36372047837745	0.0400560989474119	26.251565018361
2012.75424372321	501.831542984127	9.36374316170504	8.95725436825397	0.051403312706686	4.08658408888889	0.192177221995628	3.62080760793651	0.344639882162142	1034.14628701343	34.9717518304866	5.45164223174603	0.143156623361127	1.3732017563048	0.0828837857892863	22.5084	0.379572410583321	8.36177758009367	0.0467275745580622	26.6578328990204
2012.7443821188	504.797206444444	10.2324952170489	8.98286834126984	0.0601065108421686	4.11677264444444	0.177050597265917	3.64434441782662	0.338064177711282	1033.032458	28.5427233066711	5.53562122222222	0.200418913236319	1.37744132712139	0.0783985929754234	22.4236	0.358217044875965	8.35264950818116	0.053528934863996	26.9493338095306
2012.73452051439	499.541218	11.5310664520029	8.95023005238095	0.0705515296705518	4.08733868888889	0.171785112806787	3.69426690647131	0.31939588375692	1042.16738911111	23.5443097457576	5.47184535555556	0.231837321365641	1.36495659350516	0.0752485311443553	22.4676	0.305736041828122	8.35327757779295	0.0604426761623671	27.1541402461613
2012.72465890998	497.853817333333	12.9502137426048	8.99151757142857	0.0537140100311686	4.0377468	0.153869719514544	3.82156523809524	0.300218067770036	1060.89787866667	22.8340405431966	5.44746904761905	0.233678229484986	1.36924145453063	0.0620139537399902	22.3036	0.258925446367984	8.33973789071204	0.0558949020196717	27.3589466827874
2012.71479730557	492.423767555556	13.5401244236071	8.99698733333333	0.041079544810009	3.96242546666667	0.126373000694106	3.8733596952381	0.296630135563067	1077.60427755556	23.8569038975128	5.36065858730159	0.195759978134728	1.36832905280207	0.0493238333246444	22.2346	0.239422584496413	8.33265209997378	0.0531497559646485	27.5637531194135
2012.70493570116	488.733064888889	15.5036411463007	9.03157071428571	0.0602850479268358	3.8538252	0.133346465929174	3.91818090793651	0.288295237752333	1094.65213511111	27.9984002451273	5.37222288888889	0.190736952960066	1.40743171658005	0.045445847169562	22.0992	0.204356042603982	8.32097950942071	0.048328672259828	27.7685595560443
2012.69507409675	482.102443111111	16.3229317882796	8.95761063650794	0.0543524643694453	3.73959873333333	0.13841724639414	3.90574503186813	0.291420471457203	1113.233124	26.8621773978842	5.29599835873016	0.202446295682013	1.42739446587953	0.0438464812748395	21.9436	0.2344197595277	8.30784917929627	0.0448435603228869	27.9733659926703
2012.68521249235	476.522246	15.5418901543082	8.96419948888889	0.0302201881999272	3.63145415555556	0.143246324454838	4.02625920467033	0.322987660793924	1142.53384444444	25.0034553775182	5.24628113174603	0.205016062784641	1.45215066595459	0.0422272325831455	21.8192	0.243359222461416	8.29682431004208	0.0446470072644818	28.1781724290886
2012.67535088794	470.512484	12.9910292173587	8.98465935555556	0.0198889982174373	3.55858892539683	0.138200951136275	4.23851368620269	0.389618243758206	1161.72087888889	25.1582002109242	5.2687307047619	0.227170035223798	1.47204350961711	0.0434237020706382	21.8586	0.232486850245751	8.29722192829458	0.0504308200909929	28.3829788657147
2012.66548928353	461.528174222222	10.5491046680437	9.00175554285714	0.0473189337149043	3.4712465968254	0.133620361111702	4.26313646904762	0.411517426134124	1167.94914977778	25.8617886640325	5.18327716190476	0.233209775416282	1.47943026056323	0.0338008717505583	21.7958	0.234128847764157	8.29043145629147	0.0503330184091624	28.592165547424
2012.65562767912	454.824171777778	9.20447548987732	9.005939001221	0.0419417288012326	3.44021104761905	0.150669097461114	4.36991230818071	0.475409688604319	1162.13302311111	27.9984252837355	5.06722651111111	0.194568304010652	1.47278597215896	0.0354802392801505	21.84815	0.219412935725395	8.29131852331747	0.0526520916923818	28.8336603335908
2012.64576607471	447.028144888889	8.83204862254684	8.98858989474969	0.0624779467123976	3.431486	0.146951867468212	4.37210230793651	0.503856391510127	1152.50295777778	30.6666793818329	5.06911053333333	0.275202636850951	1.48384140853234	0.0505045333559016	21.8042	0.271972859608521	8.28547791834477	0.0479637144308978	29.0751551197577
2012.6359044703	444.018348444444	10.4238345325665	8.98682354700855	0.0575460957394628	3.4911596968254	0.162475217056268	4.3094973031746	0.523420833521545	1136.86859955556	32.4174249068062	5.05357375396825	0.248851248534486	1.4612080890719	0.0552394257024674	21.7548	0.236525891861041	8.27925063750781	0.0461865006282061	29.3166499059301
2012.62604286589	441.111577555556	11.3707424270266	8.95932911355311	0.0656369743960341	3.53003658730159	0.167724365082186	4.12307255093795	0.540017077662327	1125.52885711111	34.236655119196	5.01534583492063	0.218933947709054	1.43741181883085	0.062123494866487	21.6798	0.177431681649283	8.27121623747199	0.0453877299783816	29.5581446920969
2012.61618126148	444.414572666667	11.3504170468714	8.90332914358974	0.062142631926151	3.59743715714286	0.209833307128294	3.94304515396825	0.506047652017264	1118.50204466667	37.7014221834678	4.86734856825397	0.127559272956442	1.38924650699163	0.0782912104903449	21.7614	0.166478390626095	8.27418397573594	0.0415560290004073	29.7996394782638
2012.60631965707	453.913206888889	12.1958341122593	8.87821329377289	0.083638385116929	3.69932322857143	0.221817619530115	3.76495969349539	0.427226718083862	1110.05944222222	41.191161163673	4.91808807936508	0.112775779759479	1.37837984466889	0.0885364189912849	21.993	0.227982817969373	8.28756615114362	0.036800500838666	30.0411342644362
2012.59645805266	460.449313333333	11.2908414334246	8.89299765714286	0.0752930724987932	3.81279097142857	0.228713547492065	3.5722174	0.378091252514497	1095.17984266667	38.6352906263661	5.00207894285714	0.122039179923515	1.36120899204177	0.0875524979591189	22.3809	0.258188527441634	8.31146839531729	0.0335191893761895	30.282629050603
2012.58659644825	465.884594666667	11.9214217434564	8.86318464761905	0.068908911561925	3.94919710586081	0.21759450793656	3.33451062222222	0.316870870390604	1075.85865888889	33.6910178949348	5.05588463492064	0.123557938089671	1.30408328963902	0.0735435645660353	22.6148	0.280651709095423	8.32458096783468	0.0320813884374012	30.5241238367699
2012.57673484385	467.914669555556	12.3223424576466	8.86452100634921	0.0583744597361665	4.05308332625153	0.198241132044534	3.15598015555556	0.277272205601784	1060.28878422222	30.1650479719846	5.11633185238095	0.155366773550244	1.26768782438197	0.058248704361195	22.7766	0.281470838734408	8.33604963180174	0.0369790650339841	30.4739888016789
2012.56687323944	474.373507333333	14.2225320908443	8.82986117777778	0.0524614957996368	4.15108257069597	0.176545502448638	3.14664217777778	0.242293522836954	1046.56689933333	28.2537538766417	5.15371955555556	0.160127843567114	1.23806509333777	0.0452434297325449	22.8896	0.256947999369844	8.34584195782059	0.0396747644954232	30.2796356657233
2012.56155202181	478.93647415873	13.5659808150378	8.89784146666667	0.0388542601300163	4.19769468888889	0.180521914821389	3.3125031968254	0.249180548107185	1047.63692088889	29.8193767481919	5.44252406666667	0.25975914272109	1.30286143544856	0.0551456577783675	22.8408	0.178592630547709	8.34377381494413	0.0347169977973163	30.1747647653648
2012.55623080418	485.46225747619	13.5854474806804	8.89721773333333	0.0499338810409758	4.24209772063492	0.213942433366235	3.50313290815851	0.333102230482624	1053.74424831746	36.2509021502787	5.49092675555556	0.255515179049496	1.30959591115052	0.0605826958048433	22.7987	0.154322700429226	8.3421500128513	0.0257035125453893	30.0698938650018
2012.55090958655	485.674243047619	12.1376740240558	8.93205866666667	0.0544191813623482	4.23618072380952	0.247821819080789	3.69515252857143	0.454042949289384	1077.11568231502	46.1930002627047	5.51313066666667	0.244566104240889	1.32926915825753	0.0713082373852029	22.5974	0.223789959264862	8.32979385968336	0.0296536886762766	29.9650229646433
2012.54558836892	488.671466253968	14.3216028674538	8.93767264444444	0.0627797323794607	4.22157413650794	0.277234948232521	3.97002631111111	0.589417880782926	1103.57215919192	54.6423342512809	5.3026477015873	0.168225764372319	1.29810491322287	0.0732653887787694	22.5234	0.229855733590578	8.32598446161723	0.0434200264370581	29.8601520642848
2012.54026715129	487.836513555556	13.3191761971879	8.97548531111111	0.0677415157280695	4.13333311428571	0.28128490121236	3.65810069135802	0.352622496399722	1127.55147211111	59.1573881278921	5.33538569047619	0.138790813296172	1.34812392926104	0.101104499812124	22.4912	0.298171031539931	8.32500020778049	0.0541603529546872	29.7552811639218
2012.53494593367	493.527203111111	13.3152322158763	9.007292	0.0689275673327434	4.08558422857143	0.2689318724085	4.10348108888889	0.497204035050057	1139.18324130952	56.3775519473757	5.34383001904762	0.123595677702686	1.36169645547007	0.0903141035459242	22.5036	0.32571430212929	8.32704166298692	0.0580891636722161	29.6504102637605
2012.52962471604	487.466654666667	13.2231558801552	9.00083884444444	0.0555806939880371	3.98358900634921	0.240087366527368	3.89898039365079	0.423332446251471	1135.03120576263	50.4394438021369	5.33581634969475	0.105645469908042	1.38497767434489	0.0721663503166012	22.4785	0.375688430343835	8.32653859562235	0.0581939832679872	29.5455393633975
2012.52430349841	486.984087777778	12.8655732972332	8.97992462539683	0.0587396346139842	4.02203617777778	0.222897030743814	3.62948704736375	0.367017538274605	1127.83656815873	48.2904004875349	5.27274247301587	0.13581748276725	1.34674814305368	0.0538042826235953	22.6095	0.388150000825062	8.33661198015878	0.057860769689551	29.440668463039
2012.51898228078	480.108970222222	13.7240559172629	8.91634155555556	0.0568130828038377	4.06265971111111	0.212985278671175	3.28557557777778	0.32455473743167	1113.12750028571	48.0290499062137	5.31781511111111	0.137643627712139	1.34635741297815	0.0649537807636309	22.5832	0.336361425054156	8.33603545262948	0.0579062030368078	29.335797562676
2012.51366106315	487.095192444444	14.31441236719	8.93263919365079	0.0627865778552774	4.16954942222222	0.229685304814761	3.04761622222222	0.310132976215706	1102.86481726984	47.0483134938464	5.40240695555556	0.157592965391866	1.33584900501764	0.0624676528842452	22.59335	0.304671800114687	8.33792327151991	0.0581767247775247	29.2309266623175
2012.50833984552	488.019070666667	15.9874914637688	8.88242717460317	0.0544416703355567	4.21541004444444	0.255750591360734	2.86842626666667	0.290462378441135	1083.45391422222	47.6768628334247	5.4179553968254	0.179827233859673	1.33489142922991	0.0662207232961258	22.63365	0.298079039936703	8.34184741392215	0.0642421365373966	29.1260557619545
2012.5030186279	492.23162831746	16.4487645222917	8.90608229206349	0.0360609397771252	4.262045	0.290657661549145	2.8201970952381	0.289306876443683	1066.905984	47.7681146251776	5.41753362319902	0.223805047495687	1.3215186631	0.059161635846142	22.8646	0.336437819829416	8.35857270351944	0.0605939338795203	29.0211848617932
2012.49769741027	492.994489761905	19.163085203601	8.86866339047619	0.0358452122437297	4.34788067936508	0.301289185652328	2.80903313015873	0.302953486504048	1050.4372	48.2954133965384	5.41504418192918	0.246226645189632	1.30291375726754	0.0473754774636112	22.942	0.347094585436981	8.36548307291683	0.0534200334271979	28.8697964494841
2012.49237619264	493.027995047619	18.0459205638725	8.8928312968254	0.0554666786443817	4.43337192857143	0.282538189607612	2.80641700683761	0.309936044184401	1040.90714377778	44.0657292549544	5.53259449279609	0.271772643454099	1.2848660699528	0.0307105002384499	23.19	0.287888428227739	8.38441002085084	0.047464732657069	28.6574249373447
2012.48705497501	499.351114984127	16.8250423896781	8.91273814603175	0.0655873798123855	4.55527045396825	0.232781533888901	2.77189288766789	0.261255773007996	1024.53111844444	39.2498161617425	5.63864778632479	0.231782362059257	1.25803910453113	0.0288840258728402	23.2607	0.233327269893669	8.39152616675089	0.0458225649940793	28.4450534252053
2012.48173375738	503.917114507937	16.2556467288053	8.86520922222222	0.060431473402463	4.6573819002664	0.184954036447261	2.69370960952381	0.21170452690087	1004.50785911111	31.7175602046896	5.74683386666667	0.215230556685746	1.24142067094036	0.0276724810168645	23.2058	0.214890820827771	8.39033509559981	0.0359375819584873	28.2326819130569
2012.47641253975	516.99321184127	13.6158850585126	8.91148624126984	0.0548462956703511	4.73623143751804	0.139818814814568	2.68541595555556	0.18602553383568	999.983792666667	29.6287757964403	5.87096846666667	0.217200150301472	1.2491765493531	0.0356563821585049	23.0858	0.185289205361532	8.38481835353342	0.0289085127853035	28.0203104009175
2012.47109132213	520.733642126984	12.0507142005473	8.88131361111111	0.0584233275654047	4.72974036652237	0.129422446834169	2.66096013333333	0.173457383624579	1012.26095888889	33.3886281938209	5.93987017301587	0.230685930101082	1.26662026555454	0.0440623519201916	22.9886	0.158165493613697	8.38079315920608	0.0331083423990641	27.8079388891683
2012.4657701045	523.570515904762	11.1654971672467	8.88428691111111	0.0575887877943952	4.71087052063492	0.14243337681355	2.71210282222222	0.173055361142742	1029.10006511111	38.0215285397572	5.95585426825397	0.234904370630983	1.26621468654696	0.0451061436727549	23.072975	0.310107299849022	8.38885498251585	0.0321059257353813	27.595567377029
2012.46044888687	525.652738349206	11.6122651556662	8.87257078730159	0.0603691341450556	4.66672523809524	0.159727354621071	2.7489018	0.163821383437268	1046.71757422222	37.6799497829448	5.86403066666667	0.226594275278865	1.26458577851172	0.0349790774052649	23.25445	0.353917973874463	8.40333136613633	0.0300269460914411	27.3831958648805
2012.45512766924	529.357417555556	14.7037501775104	8.89882641587302	0.0652392723443954	4.61594921587302	0.164339388252395	2.76990948888889	0.1441861660757	1053.72283688889	34.3410430442239	5.97955956190476	0.23493286008578	1.3098533809328	0.0509736300057228	23.3496	0.351931388293394	8.41206111186829	0.0302500461767945	27.1708243527411
2012.44980645161	532.043668	15.6182321130212	8.89636866666667	0.0378051821090871	4.57618596190476	0.163902417416769	2.7899928	0.12148496888844	1060.98198533333	31.4594341403375	5.98510082857143	0.23297195807999	1.32198561599956	0.0493057779686039	23.4158	0.284100112578193	8.4188715556088	0.0310720427653361	26.9584528405927
2012.44448523398	538.386109650794	19.2410102987487	8.94225481904762	0.043105800247193	4.60095132698413	0.15525687183482	2.88058946666667	0.102164551506728	1064.68979977778	31.5548959999224	6.10678241904762	0.22518745535269	1.33818953522822	0.040312831923626	23.3388	0.192529349485275	8.41625245034468	0.0399369205325684	26.7460813284533
2012.43916401636	540.474250857143	19.5099442967604	8.92459666031746	0.0156247549532706	4.62567962698413	0.195955669669203	2.99866862222222	0.0832671230665651	1070.17300888889	37.5310838721141	6.06862227777778	0.212609609956097	1.32305755014629	0.0418919424597021	23.3298	0.184635034237191	8.41811343145984	0.0486719649756751	26.5337098167132
2012.43384279873	547.926064739927	19.8452149807468	9.01008228571428	0.0250579694259176	4.67187294285714	0.226092015489821	3.1708334	0.112704935726561	1077.40258022222	44.9824482008293	6.1415924984127	0.22537612114712	1.32779186838807	0.0379697812118088	23.2112	0.311693033459906	8.41273381963345	0.0554641503667863	26.3213383045648
2012.4285215811	547.669714315018	17.1412825106336	8.99443593650794	0.0399598328990378	4.65311125714286	0.223295252669647	3.32705757777778	0.174351163404655	1080.47261377778	45.4151024978968	6.09090072380952	0.259894020529569	1.3186726543995	0.0340308001400939	23.1393	0.318810433583946	8.41042801660682	0.060885206013273	26.1089667924254
2012.42320036347	549.434473897436	15.5422287610562	9.08544528888889	0.068424115965291	4.64703318095238	0.226371394038202	3.52832328888889	0.270027800010943	1087.44561955556	41.4076731157466	6.16510351111111	0.29588952841901	1.33270992206571	0.0245205445516542	23.1786	0.252456954844953	8.41549378129882	0.0591170782581987	25.896595280277
2012.41787914584	543.202471465201	14.1044897370356	9.03673933333333	0.0724014158680872	4.58974573333333	0.200603355431194	3.60570760952381	0.316352258664183	1094.648228	37.7851810359385	6.17056323809524	0.318609384810443	1.34891693749165	0.0304350060076648	23.1698	0.237660958072073	8.41737307190812	0.0506860015149684	25.6842237681376
2012.41255792821	538.858911472527	12.0149923876105	9.06125797777778	0.0648160140848241	4.53983894920635	0.1795248198407	3.61947007443667	0.341015818003784	1104.85374622222	38.0148082956404	6.12768693968254	0.293561001697585	1.35897868816473	0.0357170679948337	23.2888	0.243666165918092	8.426982925314	0.0416505450573474	25.5344628031362
2012.40723671059	536.006526659341	10.3851212951949	9.00229096190476	0.053240751092427	4.45703588888889	0.151947417689209	3.59581408571429	0.346610698142644	1109.59247355556	35.6190875431343	5.95986834285714	0.228725779423936	1.34949972453356	0.0331308569026525	23.5101	0.205303678518489	8.44307454869125	0.0372461893237261	25.4031780653328
2012.40191549296	533.357922583639	11.1680804239545	9.01411870793651	0.0642193946490152	4.33974781587302	0.146737702113356	3.54466528888889	0.378488595762887	1126.17207660317	34.5112640094433	5.88299938095238	0.180002915083429	1.37422533266273	0.0408635237118743	23.6122	0.221651998106182	8.45129083426448	0.0290938376760508	25.271893327277
2012.39229295775	536.788135126984	9.47969737432546	9.02389622539683	0.0612218422435279	4.2020702	0.153816558673809	3.50976028888889	0.401203259404764	1137.04036034921	31.5272034744096	5.72787938278388	0.162366959267818	1.38509369057931	0.0443685376447375	23.7632	0.208079359463429	8.46391483720245	0.0281783807968203	25.034486759405
2012.38267042254	540.910124857143	10.0315027182225	9.07552328571429	0.056747091955228	4.09061073333333	0.169233554060228	3.39370428888889	0.33363956886905	1155.30851234921	30.5204809553622	5.69960228253968	0.150672867280942	1.42387609330984	0.0540124222610055	23.9702	0.269571426006185	8.48014272509616	0.0312448529182223	24.7970801915329
2012.37304788732	544.620217174603	7.90663885141633	9.11455448888889	0.061049053540218	4.04563022222222	0.179184967109092	3.43750107754468	0.31292305158364	1159.52677431746	32.2245876216677	5.63040503418803	0.148716442262239	1.42259172935813	0.04642949587519	23.9569	0.358457337503248	8.48204455943271	0.0315680680790997	24.5596736234084
2012.36342535211	543.270960205128	10.4166330620803	9.11304919047619	0.0479610376692599	4.02519795555556	0.181145009719916	3.41778696947497	0.295494396921519	1164.68711231746	34.4194597564038	5.74185719047619	0.17219950175842	1.44642141708982	0.0418338509441242	24.007	0.336259217207536	8.48806321093339	0.0355919772608537	24.3222670555364
2012.3538028169	543.063335080586	9.7479887187709	9.13521223492064	0.0582912559217195	4.03561462222222	0.192159974946053	3.39716501904762	0.2977841370031	1158.19806977778	38.4249386164469	5.76267506666667	0.160803147503628	1.4490255669884	0.0366542020773574	23.9818	0.30682210098507	8.48919932325496	0.0381507309151061	24.0848604876643
2012.34418028169	545.634710222222	11.2553306389558	9.13648535873016	0.06601918673667	4.02147142222222	0.207422345687655	3.36870515555556	0.312591480832723	1155.58708222222	43.51888563872	5.76958017777778	0.150353032963471	1.45796433898651	0.0371592316642396	23.8192	0.242392291833911	8.48140385495311	0.0427115338159449	23.8474539197866
2012.33455774648	555.364453238095	11.0396515266012	9.16859347887668	0.0845205064932268	4.0406159015873	0.219642960110788	3.35702633333333	0.334955717399922	1163.66991273016	47.952225223924	5.78271597777778	0.134751153537454	1.45579289761878	0.0478752403879736	23.7677	0.210186671263568	8.48082473370822	0.0405511684326889	23.6100473519146
2012.32493521127	566.165297269841	9.52252939221571	9.18051063186813	0.0748037535004185	4.01099894603175	0.212559892690407	3.30525368888889	0.329745052448041	1182.05753079365	49.1981898482045	5.86391128888889	0.140654416091711	1.48151400199979	0.0432040666978284	23.7191	0.286747785626992	8.48092288640627	0.0380667695667434	23.3308926356275
2012.31531267606	567.338840666667	6.51082698486479	9.18395467545788	0.0737233684026468	3.97119333333333	0.211496311074668	3.16785568888889	0.303411212348082	1195.08246604762	48.2354516263716	5.85766344444444	0.153095682547793	1.4963946167736	0.0420830032792562	23.695	0.297353298088818	8.48269357170036	0.0388970189731257	23.0456512035797
2012.30569014084	561.260057333333	7.36325697594414	9.14614914920635	0.0703434427040718	3.90693464761905	0.200179400944314	3.02976335555556	0.244312536141635	1195.72352587302	48.0601684617519	5.7340154	0.207480440684008	1.48942423522485	0.038844834611206	23.7054	0.284283640805714	8.48672150831785	0.0422241881509997	22.7604097712286
2012.29606760563	554.240947523809	8.60093275245258	9.12507914285714	0.0825363917400071	3.86358956190476	0.197216563802786	2.93319821904762	0.18274740943328	1187.30483419048	45.381043930008	5.60224605714286	0.22321113377988	1.46899819546454	0.0428631494705679	23.8128	0.351056871849459	8.49707868023454	0.034175549050623	22.4751683391808
2012.28644507042	547.717346507937	9.07170063441236	9.12401588888889	0.0529079249634883	3.84189196507937	0.178884591569569	2.87156607142857	0.139030575274818	1177.81383615873	41.3558490137351	5.58965703711844	0.231448007451711	1.46464427624369	0.0369852621156992	23.8565	0.260966886218308	8.50328137298975	0.0310235839466184	22.189926907133
2012.27682253521	545.057026634921	7.05199322957136	9.14933111111111	0.0551459747432533	3.84437582539683	0.146869720227727	2.81738820634921	0.113210875602405	1173.64448844444	39.5879611702569	5.6161274	0.236481216613136	1.46803563812465	0.0367196062353921	23.9376	0.293647871995138	8.51191596795104	0.031381472273786	21.9046854750785
2012.2672	536.637227873016	5.0790686742857	9.12173102222222	0.0653613581166453	3.82019217460317	0.106519617300444	2.77258467619048	0.118840554798738	1162.31741577778	42.4939697586538	5.63319853968254	0.218153925780173	1.48506817008217	0.0346703165401018	23.9992	0.24941984585059	8.5192815146936	0.0345398084549728	21.6194440430307
2012.25757746479	534.431779650794	4.76310843388866	9.11644564444445	0.0592906743587393	3.80340542222222	0.12638145150641	2.77805195555556	0.126633966616696	1160.09940511111	44.234822907417	5.59267068253968	0.202824417138877	1.48845537666554	0.0570317030166336	23.9946	0.221999091651779	8.52235552888677	0.0321678108894119	21.334202610983
2012.24795492958	531.631702095238	6.41797309308963	9.09685799047619	0.0510758983523497	3.78229638095238	0.144730800196232	2.78835826666667	0.134047161123819	1158.184972	36.1463425393163	5.62057785714286	0.184725631395132	1.50833279460502	0.0773308088185659	23.926	0.251942637443493	8.52072948041246	0.03467588207738	21.0954053878704
2012.23833239437	535.426804888889	8.30790191854213	9.13250969047619	0.0433487875639128	3.78264995555556	0.145462391743157	2.80526724444444	0.122267506554426	1161.63112111111	28.2558553308883	5.65375866349206	0.176820614381246	1.51682116070479	0.0708690169947822	23.863	0.25458659407812	8.51742434443905	0.0364130976581425	21.0286948344923
2012.22870985915	536.484442222222	8.66665070616216	9.10122395555556	0.0422029951397173	3.78084397777778	0.128345151457277	2.834315	0.136151070347527	1165.84672488889	25.706652524145	5.67845468253968	0.197428018479305	1.522662336255	0.0510209953721119	23.7183	0.351124229858021	8.50878575424491	0.0434907015181114	20.9619842810448
2012.21908732394	539.026656523809	8.39225102869667	9.15041200634921	0.0335203237981065	3.77097324444444	0.138945784022912	2.89042351111111	0.14036106981509	1185.21567133333	26.673885685016	5.75950967619048	0.213411475584242	1.54547376841939	0.0404481021182799	23.4308	0.383367740939934	8.49074073256412	0.0549537555597315	20.8952737276651
2012.20946478873	538.791997809524	7.43329299436872	9.12059434357864	0.0543950754866199	3.78182093333333	0.133435899718076	2.96040731111111	0.144218755921169	1207.83261377778	30.4638194113972	5.80585633809524	0.18282082373021	1.55267843143023	0.0392602883374502	23.2244	0.360956433808068	8.47791748596662	0.070882527416428	20.8285631742869
2012.19984225352	540.441253809524	9.09427534096849	9.23002690707071	0.0486150335017666	3.73674146666667	0.125217568347348	3.01565657777778	0.142465000343218	1227.86643355556	35.7818405449611	5.80235985396825	0.169414055237583	1.56393795938597	0.0383076068869692	23.0886	0.288314635295574	8.46970543520278	0.0768539148746559	20.7618526209088
2012.19021971831	535.491538666667	9.43840904221056	9.14666686363636	0.0544199312885312	3.71590666666667	0.140924752097838	3.01303213333333	0.139967537463665	1230.77104648718	40.2779946897394	5.61329708571429	0.173922883374153	1.52544347468582	0.0426277075032681	22.93015	0.390999264440981	8.45994245824315	0.0769493766419682	20.6951420675291
2012.1805971831	538.186192761905	9.24471170904809	9.16626351904762	0.0501613090905904	3.67829957777778	0.170563861801127	3.05375624761905	0.162701402151905	1231.68622400733	43.0608892898167	5.52248155555556	0.193349778013731	1.52227758090523	0.0509222125934924	22.76615	0.413771123402762	8.44975030783624	0.0736348484152565	20.6284315141509
2012.17097464789	535.838101746032	9.51095507970636	9.10587923492064	0.0602545939325893	3.649497	0.208262203554759	3.11010142857143	0.179537323713496	1230.63919794605	48.6031881259605	5.40172311428571	0.193892394553266	1.51184084972853	0.0652916176733258	22.77035	0.351625933496717	8.4508247855023	0.0625388225058128	20.5617209607728
2012.16135211268	539.789278190476	9.91217203315721	9.17343276984127	0.0725134741172887	3.62217582222222	0.223098381947564	3.1712963015873	0.203378000405531	1234.54261872772	55.0395742790249	5.40233657301587	0.22635318558458	1.52463303524792	0.067396834645112	22.82415	0.333199724187082	8.45419792842716	0.0488275616136811	20.5816402089846
2012.15172957746	538.819920222222	7.81150688986505	9.2317968	0.0525714282035759	3.56221357777778	0.239855005908035	3.16447597777778	0.202086543026779	1239.40547412576	55.1289537213144	5.45934266666667	0.268996286559155	1.56986140863711	0.0731513691684502	22.80765	0.300978865159544	8.45202106289911	0.0544482255605168	20.6717816356851
2012.14210704225	538.229444222222	8.6188864453825	9.23600404444444	0.0656173475465941	3.53029231111111	0.237289222013969	3.12981568888889	0.194594518418792	1237.64536375458	51.3029206218901	5.51086051111111	0.252369541046158	1.60331426935585	0.0798341237321165	22.8567	0.294623376337142	8.45423808612147	0.0637100546363012	20.7619230622898
2012.13248450704	538.388203555555	8.42241175049579	9.25352255555556	0.0501952027934842	3.48949748888889	0.230281809911586	3.15402193333333	0.203306677454492	1234.56534435653	46.017879567458	5.57938651111111	0.230150753282413	1.64275778963699	0.0860729230064626	22.9188	0.389182852348332	8.4573221419434	0.0688929363789867	20.8520644888945
2012.12286197183	536.127586888889	9.68013248684098	9.21589830952381	0.0590562170349062	3.48548446666667	0.211359971203493	3.14778635555556	0.198067727272471	1227.4410238254	41.3031495145298	5.57563664444444	0.196644152359951	1.64387800139991	0.0879480024661601	23.0114	0.338111634946138	8.46243050921647	0.0695676562306815	20.9422059155013
2012.11323943662	535.307126444444	8.78117136740233	9.23949122222222	0.0707540540438053	3.45928657777778	0.203216824964138	3.13904115555556	0.194549421237012	1230.37046338706	42.2495063488505	5.56967968888889	0.191311930081419	1.65333581673919	0.0907731047382007	23.0428	0.39065195083887	8.46345245427284	0.0620799935929668	21.0323473421059
2012.1000428169	534.672501555556	10.7218593483259	9.23137506031746	0.0734037559724929	3.44792193333333	0.211438408091931	3.08502655555556	0.184430923043835	1235.03511739805	45.6586612033536	5.49978231111111	0.186882025232458	1.64582091579007	0.0921230965256523	23.142	0.351877925394824	8.46857819020703	0.0512747366281303	21.1559698700541
2012.08684619718	532.370654	10.1828817706242	9.27255560634921	0.075107801587592	3.43713595555556	0.235194104061488	3.05390417777778	0.178425582414931	1235.56209531313	55.7258234948197	5.54958121111111	0.172156907134783	1.67757155980891	0.097171202242233	23.083	0.253019499950838	8.46319757341816	0.0406835581277161	21.2795923980023
2012.07364957746	530.87049384127	8.99860159506721	9.23364824444444	0.0567952474879985	3.46315797777778	0.24932665218799	3.06802768888889	0.182437875245776	1219.54037072222	59.8675173853462	5.56413054920635	0.136510195256096	1.68277409609705	0.101037481547519	23.0318	0.301507277573448	8.46056773190956	0.0296171915565555	21.214088830966
2012.06045295775	528.921164666667	8.04130816494539	9.24901037777778	0.0406090154708565	3.48738644444444	0.254328388156632	3.13168433968254	0.204630366219175	1205.19713937302	60.9401543973096	5.60855092380952	0.120942006566559	1.68871301328048	0.101071834634434	22.8634	0.205481706772602	8.45091537602889	0.0214778733931187	21.0799781831577
2012.04725633803	533.328729904762	8.17471867621487	9.28219826666667	0.0431195373793023	3.52797826666667	0.23747740988147	3.26202086666667	0.228650179413788	1196.81335168254	60.0199465680863	5.58097764761905	0.135681089723855	1.6495776012886	0.0874942358970228	22.7368	0.277713783335551	8.44401121043541	0.0221810224417691	20.9458675352477
2012.03405971831	530.441071047619	7.75243912655374	9.27554315470086	0.0620625824656861	3.53469855555556	0.220353127425327	3.33852419047619	0.236187317864423	1200.45567033233	57.7314535805152	5.61410782857143	0.135433893889019	1.6420651365719	0.0796860289528423	22.6066	0.362305957184767	8.43682590168985	0.0253132585402351	20.8117568873378
2012.02086309859	528.114724507937	9.12431191769644	9.21727107936508	0.0606022327970811	3.52675804444444	0.188871106434493	3.38648065079365	0.250273657840504	1203.86913581929	52.3145612345084	5.70639639206349	0.171512790459176	1.66873970240817	0.0915671589603809	22.5383	0.396264291136297	8.43379674628309	0.0276839362689678	20.6776462394302
2012.00766647887	522.498846957265	8.14348988758118	9.16132319316239	0.068545089419693	3.48135193333333	0.169419179537179	3.41467895555556	0.325885191011028	1213.35579644444	46.2517317591556	5.77687631111111	0.211473345001851	1.69592429503165	0.102742999912831	22.4592	0.420184729150847	8.43002273395869	0.0312650423737413	20.5435355915202
2011.99446985916	518.874436825397	8.96999863636841	9.20001803663004	0.0477440432164181	3.42785084444444	0.140630156699682	3.41934373333333	0.350860387537305	1231.19015533333	40.2760498458119	5.6780384	0.20328615489248	1.68440427732193	0.0883021900958506	22.3816	0.468893771119901	8.42467687939232	0.0315023659367704	20.5489521620476
2011.98127323944	514.952035873016	9.737082708688	9.23251659047619	0.0568816933015693	3.39490584444444	0.139705890012585	3.442964	0.404401978531996	1253.58000822222	40.0472738232125	5.51736468888889	0.16944082464276	1.65544510120065	0.0789642602341862	22.3364	0.49382498321732	8.4192316713034	0.0341930818633021	20.7477964413739
2011.96807661972	508.067542952381	9.72141314246845	9.19167493333333	0.0446905968219075	3.3565032	0.149022952972752	3.4758104	0.424676564119691	1260.36083866667	38.6430607096575	5.33083475238095	0.128202265616418	1.62582760882305	0.0819290125336841	22.3603	0.404888959882473	8.41850442794078	0.0394040597019139	20.9466407207002
2011.95488	507.889459746032	9.59846089453644	9.23396922539682	0.0615360561635345	3.34824219047619	0.155962114440324	3.61245535555556	0.449161704455042	1274.87754703541	38.8114966401566	5.3471603015873	0.128393811170227	1.63200326285171	0.0851709195151331	22.2236	0.381124618034565	8.4067949836053	0.0425997836934204	21.1454850000266
2011.94168338028	506.325182666667	11.5567685494167	9.29861043174603	0.0694550834348476	3.30054323492063	0.139978448980504	3.75298774603175	0.456226546594262	1285.20582513309	35.4164122738223	5.38254826666667	0.138073160674504	1.65848700507738	0.0823131276149558	22.342	0.378781760920292	8.41254547279753	0.0378504734228873	21.3443292793529
2011.92848676056	504.959728603175	10.8213551872459	9.31461714285714	0.0687978849924765	3.31070139047619	0.139043566546079	3.92843285079365	0.512837761805566	1291.45811050549	32.2702553876576	5.38195395873016	0.135370437233746	1.65232681819799	0.0787077039305771	22.3158	0.391801442376025	8.40840428656888	0.0373831934175648	21.5431735586792
2011.91529014085	503.525981571429	10.7885983779862	9.20373736507936	0.06397361950799	3.34869802222222	0.148932408922624	4.01251454652015	0.583944431030267	1274.06791395238	30.6150128627385	5.36838641269841	0.119391513912748	1.63009394137439	0.0774984309633694	22.3065	0.403846147367784	8.40530575932493	0.0324715332995176	21.7516560812725
2011.90209352113	510.254336793651	8.04699963927701	9.16789025396825	0.0624126492830452	3.49422362539683	0.168136859524238	4.02361731233211	0.594826752541884	1249.61650555556	33.8330395890507	5.52860713650794	0.140377985715906	1.60983523085239	0.0773706848564022	22.4285	0.337574929545799	8.41019103695839	0.0300651994269305	22.0429012667834
2011.88889690141	520.61443215873	9.04909596954026	9.17611630793651	0.0625757326953062	3.63869610793651	0.188143997686759	3.82745662588523	0.521637139875633	1216.28096955556	39.2171355007253	5.68395450793651	0.158840362562773	1.59994779047562	0.0827702441988393	22.5556	0.258750538786519	8.41538587887432	0.0310318870814719	22.3341464522943
2011.87570028169	527.057694793651	8.48836921942658	9.16254466349206	0.0669075102054934	3.78047864444444	0.214042457673674	3.55855579047619	0.416119574732909	1183.42771631746	44.2281162234414	5.77270462222222	0.177106409056015	1.57401864606991	0.0860135900447597	22.4812	0.238189271222739	8.40691564105164	0.0291161043793604	22.6253916378052
2011.86250366197	531.798523555556	9.68149606803042	9.10706448888889	0.0653911003570177	3.8952668	0.216011517877408	3.27564673333333	0.339721800426906	1148.62678022222	45.7878010094416	5.68252208888889	0.172653791877742	1.50129128631038	0.0776210800357231	22.6464	0.246527942526361	8.41467471437008	0.0344204873120031	22.9166368233111
2011.84930704225	535.039342222222	7.93385033958728	9.068879	0.0588869461638669	3.97425135555556	0.220527753477197	3.0888312	0.264579142563923	1122.40712777778	46.2700805464364	5.68972399047619	0.176563895715368	1.46787121741762	0.0661199129790985	22.5152	0.177674639962912	8.40238447266656	0.0376337414010841	23.2078820088221
2011.83611042254	534.679156031746	9.24602014214073	9.09083359047619	0.060172533505369	3.97348464444444	0.199384704351901	2.97112568888889	0.206191376189733	1115.08278265079	44.0304111254555	5.74394475555556	0.186065265663294	1.47466539297452	0.0608048232179525	22.3948	0.185253527419825	8.39078921924783	0.0411480055522873	23.4991271941122
2011.82291380282	533.60369831746	9.73328967272446	9.07336606984127	0.0639733102997473	3.95745882222222	0.190560718542969	2.92897735555556	0.201314129241158	1123.11338060317	42.1624937583153	5.79903236190476	0.183000102182154	1.49632405944789	0.0636032008033815	22.2304	0.233852337389386	8.37456396422516	0.0465623471882157	23.9254447512668
2011.8097171831	531.568999111111	10.1522443563768	9.09489711428571	0.0630285257897312	3.91042595555556	0.172302816767	3.02593268888889	0.210580859794107	1128.25751170452	40.7333078063331	5.69289735555556	0.186916567934431	1.4816876879322	0.0661977055030825	22.147	0.234499287211026	8.36343560333026	0.0526248951396848	24.3877627813311
2011.79652056338	531.064372952381	10.2008388024126	9.10234418095238	0.040312270145484	3.86881907936508	0.163631381378752	3.08232817777778	0.239178693254318	1130.81713029792	39.0554154382729	5.70566376825397	0.160768678276232	1.50020359718973	0.0648450640407787	21.9622	0.184632330648403	8.34527353587818	0.0570451549909237	24.8500808113955
2011.78332394366	523.368866222222	9.51569585351206	9.04907007936508	0.0697474269285785	3.80405926666667	0.145168262412472	3.11368962222222	0.280232123239573	1127.8154167619	36.6517602224441	5.67304344444444	0.145921495502315	1.51406470029104	0.0673459558475565	21.9859	0.179275530127453	8.34154228395853	0.059840059010801	25.3123988414598
2011.77404507042	519.22159447619	11.3782144310989	9.01657285079365	0.0610063095347701	3.76358286031746	0.140924296694683	3.0508854	0.252397285641426	1126.00406974603	35.2312504255411	5.68527297777778	0.125318851396541	1.53640629716729	0.0708761373849197	21.9429	0.195500070808045	8.33478348178028	0.0625686967349939	25.6374662063252
2011.76476619718	518.956226063492	12.7711883161841	8.97248708888889	0.0783884797957311	3.79525393650794	0.159798814633081	2.97803313333333	0.218162402860364	1115.63752622222	36.7836249777927	5.61789842222222	0.143256791824239	1.51181801484359	0.0859027199547739	21.9751333333333	0.23609959727774	8.33325268155776	0.0640390398137267	25.9625335711905
2011.75548732394	526.676688349206	13.5831891650076	9.04473933015873	0.0568950841904203	3.84965787460317	0.173583906538361	2.9321937968254	0.187989807515039	1120.20279911111	38.2952022138128	5.64265764761905	0.158158360365919	1.4997983678499	0.0907611622422262	22.0336	0.229565140469994	8.33353965085773	0.0644244978718067	26.2876009360559
2011.7462084507	529.033703857143	12.1612032176901	9.0882427968254	0.0725272546523121	3.88789694920635	0.18151618440893	2.97679462564103	0.217335143235516	1126.84642126984	42.7088166989663	5.65541657460317	0.152901843661123	1.49050201079311	0.0904534806897452	22.0468	0.261366785751776	8.33091672448141	0.061508078001328	26.5933271187165
2011.73692957746	527.468543714286	14.678659996405	9.09458665714286	0.0808512733624303	3.87323593333333	0.173486245630433	3.05979069084249	0.263499427286065	1141.4120607619	49.01341252724	5.74245777728938	0.193258081931539	1.51782386761327	0.0891374441630641	21.9243	0.238887079768173	8.31921230102668	0.0618029238680737	26.8710617539089
2011.72765070423	529.409568380952	14.6018598344417	9.09906479230769	0.0874266600609872	3.90490268253968	0.180997350362514	3.15010459047619	0.282918447140186	1142.30123754457	53.1039706578128	5.80382481269841	0.195014851965575	1.51997202501071	0.0920049865575501	21.8246	0.155263125102288	8.30905618666101	0.0553920170708952	27.148796388802
2011.71837183099	527.476867809524	16.5546667535523	9.11332890555556	0.0809043272588995	3.91824304444444	0.188674001435295	3.08083556507937	0.281362359306	1140.25960287698	56.4300299525067	5.86014097313797	0.155819247098758	1.52831080397883	0.0850435885741953	21.655	0.166219430794218	8.29395237539494	0.0537456934579854	27.4265310239945
2011.70909295775	531.685890444444	14.7694235219933	9.11032243479853	0.0911544490439524	4.0026568015873	0.204039531308933	3.01974282222222	0.283865816344889	1123.52418855556	55.1868393751354	5.7275752002442	0.144809386002994	1.46972858649573	0.0692970839255823	21.66105	0.148324036604695	8.29117919003317	0.0476505581356701	27.704265659187
2011.69981408451	523.438209333333	13.6261170514722	9.06975611111111	0.0875635315815019	4.00478184444444	0.191385171553049	2.97885531111111	0.293038308508312	1112.67733837302	52.116480218562	5.72968854578755	0.17683851091167	1.46847118744562	0.0557628674796395	21.58395	0.177848835431843	8.2825403851003	0.0398605387922384	27.9820002943794
2011.69053521127	523.307147555556	11.142702209384	9.04060482222222	0.0841417374648966	4.05703235555556	0.184790884915621	2.97175157777778	0.26372583108084	1101.75001517172	49.6902756032888	5.68092705763126	0.188073416976507	1.43305793019514	0.0554759329599047	21.505	0.255201207282307	8.2737513185447	0.0394637333283399	28.2597349295787
2011.68125633803	515.120853333333	9.52902798664216	9.06814293333333	0.0564962660708881	4.0086036	0.167075192088944	2.9202216	0.226356013149072	1097.44852153846	43.4841681831459	5.74416703809524	0.175566812361385	1.46038404225564	0.0553575504114627	21.4918	0.322155249776684	8.26962280118459	0.0355355201489616	28.5374695647712
2011.67197746479	509.396743111111	8.8977709316375	9.0507752031746	0.0500902881769216	3.96699677777778	0.157084885641448	2.8462236	0.191320302727482	1093.02377222222	35.8905504520412	5.70210406666667	0.163512125313651	1.46436827796029	0.0582256778772086	21.5212	0.25292799092833	8.26852273957306	0.0398939282392412	28.8152041999637
2011.66269859155	499.108544444444	8.87364024885365	9.00023454603175	0.0458186834829178	3.88744913333333	0.11508422041008	2.88221995555556	0.192479648687034	1096.68647311111	31.2759566346503	5.65617437777778	0.16082716225791	1.47502489424757	0.0590793091230381	21.4744	0.286865315245516	8.26319788327625	0.0387059773578926	28.98954743784
2011.65341971831	494.585992	8.28103021387974	8.9758758025641	0.0534942391342353	3.87552564444444	0.0932698757190593	2.87299157777778	0.165033268389535	1093.72743622222	32.1467845068341	5.61326452063492	0.161307422457655	1.46429794806981	0.0495489127134732	21.4545	0.300736231591299	8.26136908565785	0.0359569464067384	29.0255135477893
2011.64414084507	495.976735015873	7.44358607787885	8.96475755018315	0.0422367657298138	3.97353971111111	0.0821031156733427	2.86051755555556	0.158007467928724	1079.75806177778	28.313292621458	5.6417813047619	0.151328471083064	1.43275589550941	0.0387988760509374	21.44345	0.34746832961098	8.26016957847668	0.0401266068453072	29.0614796577385
2011.63486197183	493.745081460317	9.67346872143244	8.98669882539683	0.0434082722800427	4.07743082222222	0.091251789859185	2.79389568253968	0.14103541743468	1054.59679755556	23.7343089621084	5.65873404444444	0.160432036936385	1.3987738130948	0.0448098219954942	21.47295	0.314262202995214	8.26185762575829	0.0396591985829691	29.0974457676878
2011.62558309859	494.031720412698	10.3146143254372	8.95833962222222	0.0467717119635838	4.16465404761905	0.111188776857969	2.74553034603175	0.157751333431982	1033.12476555556	22.3312975652115	5.66038633015873	0.20943668868495	1.36697616699184	0.0525282403225567	21.55125	0.303198903021413	8.26700425804488	0.0336441219499335	29.1334118776379
2011.61630422535	493.051210412698	11.707279152051	8.93958578095238	0.0499277695766544	4.18516243809524	0.144802493846907	2.7065921952381	0.182949037671598	1031.70389911111	28.0682565417811	5.70320788888889	0.258283286868051	1.37124292832533	0.0562356058971762	21.5533	0.245834477001589	8.26673725460244	0.0230235641376044	29.1693779875871
2011.60702535211	493.547868793651	10.4841478774833	8.94452058412698	0.0650809543039116	4.17040327619048	0.172650114915718	2.77271846666667	0.193380086723008	1045.31611333333	36.3668190601468	5.73603702222222	0.263269751572367	1.38244689890676	0.0536176443608025	21.554	0.272478749834864	8.26637465101258	0.0202533814548005	29.2053440975364
2011.59774647887	488.353079698413	11.2377307186656	8.93100037777778	0.059363431494671	4.12835509047619	0.186140102038958	2.91786953333333	0.178888878927862	1063.47561355556	38.856070445156	5.70418797777778	0.268603526678243	1.39122420846256	0.055814413179533	21.641	0.263354322488836	8.27211156664618	0.0313380837341821	29.2413102074856
2011.5913314554	486.349986984127	11.8445738570628	8.95703422271062	0.0554395091101205	4.06969213333333	0.182237286047869	3.0534756	0.131130543050703	1074.32354044444	36.6980012657418	5.61368182222222	0.24570293771899	1.38655037854351	0.055811349888925	21.6874	0.27436708534491	8.2750949657683	0.0448754601789645	29.2661756661985
2011.58491643192	484.415437238095	12.6830146396789	8.94931886263736	0.045130878576076	4.05316446190476	0.168822839815223	3.1062968	0.107374897065046	1083.69182644444	30.7625815841255	5.57887855555556	0.246232613657155	1.38598808959127	0.0453329164875737	21.8331	0.315417611146695	8.2850238379994	0.054666951489617	29.2910411249501
2011.57850140845	478.558967111111	12.7863435451344	8.97436780439561	0.0485782524390729	4.01296162222222	0.182501686276968	3.16372853333333	0.0793381722018094	1102.11606711111	30.7815632267867	5.56353824444444	0.251948455697149	1.39750910178428	0.0424195180978007	21.92705	0.361583020884189	8.2918019271931	0.0520487836200694	29.270944743311
2011.57208638498	476.627435111111	12.453315439487	8.99559051111111	0.07789478522388	3.99594591111111	0.206732765003112	3.25129671111111	0.0850160595070271	1115.15558438095	37.5189754077845	5.57582755555556	0.251951765941147	1.41426441142812	0.0557875077506136	21.9556	0.373129609901337	8.29418502704814	0.057113525975744	29.2361173739546
2011.5656713615	475.042544	11.1635880667937	9.00437186666667	0.0700198018009544	4.01294893333333	0.219751426238396	3.33827181098901	0.147284503160219	1121.15840952381	45.4849913146342	5.65174773333333	0.249661845780785	1.42295167050558	0.061160671067334	21.8178	0.384346038988241	8.28498313159358	0.0550566835074662	29.2012900045451
2011.55925633803	480.576509111111	10.6430099474753	8.96343406666667	0.0681989855404886	4.09564322539683	0.208108695585487	3.33361167222222	0.209666870876575	1110.79626950794	51.2724774837957	5.61148875555556	0.230150031813034	1.37947041321112	0.0517015364180208	21.811325	0.275669774899949	8.28492958125897	0.0455840593567327	29.1664626351888
2011.55284131455	487.496508666667	11.9654817686922	8.92968273333333	0.0492499520747002	4.22464972698413	0.170912539545724	3.3054503984127	0.24564420458774	1088.39097244444	46.2539173879096	5.65753708888889	0.272483409721749	1.33826895753985	0.0406541107467587	21.7807	0.229524679527925	8.28318570613662	0.0429794655013946	29.1316352657781
2011.54642629108	494.970607777778	11.8051592393405	8.90185284444444	0.0399039385724003	4.29198211428571	0.135839101304043	3.20454394193122	0.225604356366694	1074.74895333333	37.8798961937176	5.66737655555556	0.288639902884161	1.32560919318722	0.053942538695148	21.7518	0.25938193543451	8.28155963189766	0.0400604333493799	29.0968078964217
2011.54001126761	493.024115111111	11.4135311140838	8.90320523809524	0.0439312781588401	4.2773018	0.131173230062455	3.21016167474747	0.216354569679177	1068.31347688889	30.0331560446029	5.65216946666667	0.296746297177956	1.33000700884105	0.0580779584204264	21.7062	0.298532709283918	8.27875737053726	0.0424602278006478	29.0619805270653
2011.53359624413	487.676734666667	11.3683363176481	8.95816328571428	0.0423230480372571	4.21306843809524	0.157997549762554	3.25251001818182	0.217809056137713	1087.93312790476	33.7977841014917	5.61565266666667	0.252089366408124	1.3509423752748	0.0667067971777339	21.6698	0.309877320433439	8.27659582610107	0.0539554203669699	29.0271531576546
2011.52718122066	474.768173333333	11.752145947759	8.98834476507936	0.0432722649901282	4.08815430793651	0.203779527852901	3.29425567350427	0.231069699294551	1108.99997728938	38.8744320421835	5.59931297777778	0.240149929908457	1.39342692180151	0.0708953219192703	21.5288	0.30128986499372	8.26703029345694	0.0642057796018811	28.9923257882983
2011.52076619718	467.667863777778	13.1051145813733	9.0076722998779	0.066549564456105	4.00093137460317	0.232225581177231	3.35145566178266	0.20780405021933	1132.25663033333	44.9708664897592	5.50065338095238	0.217771473373778	1.40800797292006	0.0840659692434577	21.4814	0.313942228327558	8.26406328482324	0.0686193719365917	28.9574984188876
2011.51435117371	460.738213111111	14.1365126090617	8.94725423589744	0.05328132712747	3.93777205873016	0.227864102587661	3.38005660634921	0.173128523005703	1144.8035337265	45.5932190144877	5.39811700952381	0.255271229223419	1.40556811107144	0.0831603763982121	21.3872	0.296267648286963	8.2577470919222	0.0753146164766125	28.9226710495324
2011.50793615023	463.501012	16.1070741500585	8.96916806031746	0.0646555330343844	3.95610292380952	0.186447145214259	3.46963784920635	0.139138686082449	1146.53496568742	43.6367940257546	5.4041753047619	0.279608997395065	1.39656282011072	0.0782151192882601	21.5728	0.33309524362007	8.2713460208515	0.0688259595228455	28.8878436801217
2011.50152112676	460.809658666667	15.3464798368512	8.94657851746032	0.0652726309331025	3.9818428031746	0.145937732720464	3.48309946666667	0.122896065026069	1135.33463533333	41.2750152620766	5.55453166666667	0.320265050709684	1.41394332156498	0.077586125824006	21.6262	0.300525941180315	8.27551939184935	0.0555166378172292	28.8530163107654
2011.49510610329	469.625982666667	15.1862016692999	9.0013984	0.0630323817019807	4.10211155238095	0.131299418408197	3.59629788571429	0.150040070338467	1113.193508	39.4760725018814	5.70938172380952	0.320253103452035	1.40595663982376	0.0769294166368088	21.7902	0.299909418831974	8.28878271053538	0.0579779132389557	28.7016502633146
2011.48869107981	476.967267111111	13.4063280848352	9.00228188888889	0.0621481563794569	4.23162390476191	0.135814654846213	3.66982140634921	0.20134661742927	1095.24052933333	36.826978108742	5.73419891428571	0.305008269676276	1.36645723478905	0.0744493305771346	21.88905	0.367429203840292	8.29783907809999	0.0592207589756715	28.5140615258954
2011.48227605634	489.156922	14.0211593640773	9.06607700634921	0.0585536771228519	4.33052570952381	0.174652957387983	3.79510513492064	0.233383912257614	1088.61261511111	35.0470475321941	5.74161064126984	0.278625863759598	1.34213325996042	0.0685373413213331	21.9107333333333	0.401111933842755	8.30150379806232	0.0582339196657795	28.3264727887689
2011.47586103286	490.350102222222	11.8848651448333	8.99773296031746	0.0438115990504262	4.37576546984127	0.179853283906743	3.81000994285714	0.24841996020141	1086.31226044444	35.5745082802025	5.62129480793651	0.260013579486622	1.31014280665145	0.0660343743044794	21.7223666666667	0.387531249606387	8.29049144225063	0.0660744971675538	28.1388840513498
2011.46944600939	499.451336888889	8.53989908558888	9.03015816190476	0.0347412457373542	4.42403497460317	0.205390112355758	3.86855125555556	0.262688081478801	1084.00337266667	35.5945507885698	5.63613970842491	0.247524195753095	1.30436673221401	0.0614464875989047	21.6736666666667	0.351016441422279	8.28922450305082	0.0682385163607258	27.9512953142232
2011.46303098592	499.590010301587	6.64913039292138	8.97357796507936	0.0525611023736966	4.45884675873016	0.19061077332564	3.87715182539683	0.305712643385321	1078.73363022222	35.0229229466125	5.66512495628816	0.290688766740596	1.29112952501182	0.0646189979594774	21.8745	0.311621077380476	8.30545267141719	0.053139349090813	27.7637065771033
2011.45661596244	497.720842857143	7.28657759415226	9.02310025079365	0.052780305003721	4.47894318095238	0.178614337400132	3.92243471452991	0.332474178551477	1073.80185844444	32.6364892716889	5.732663	0.302585991794064	1.29279126935568	0.0608204494056392	21.9461	0.291183291228926	8.31259590174672	0.0610661854169674	27.5761178396842
2011.45020093897	485.923373587302	8.76102176890856	8.95096880952381	0.0475025745143716	4.51826925714286	0.150705111529931	3.93609168644689	0.406911687210644	1058.72627888889	31.243772570678	5.67729365079365	0.284391566176947	1.26288946992287	0.0545484523424481	22.1452	0.316592352016551	8.32852771302808	0.0567157089020238	27.3885291025576
2011.44378591549	482.51468815873	7.31188807442171	8.96807137460317	0.0572223150556214	4.54832520634921	0.144067998663456	3.9032486019536	0.482173218651439	1044.15336755556	29.4721398500125	5.66867477777778	0.242665173762643	1.25268290348654	0.0412594023986049	22.2041	0.296765926069744	8.33474099946273	0.0568137357024288	27.2009403651385
2011.43737089202	483.090471333333	6.64968193516749	8.89799588253968	0.0657315231917452	4.60659726349206	0.152634547240252	3.78639179494949	0.545807648751467	1031.80001733333	27.6893158152422	5.65016266666667	0.251846686722983	1.22518124156756	0.035128538124966	22.20125	0.326787377483655	8.33670969257344	0.0575856225120752	27.0133516280119
2011.43095586854	491.306975333333	6.37261718634737	8.98400728888889	0.0453240167440977	4.6379078952381	0.149241698969153	3.64445205252525	0.531562124039982	1028.52256244444	22.2309757684356	5.7709098	0.282920107183829	1.24195426067218	0.0402978449870671	22.0283	0.310023342229698	8.32695106616729	0.0522789078399466	26.8257628905928
2011.42454084507	491.307516888889	6.61489969240928	8.97828776190476	0.0635453180301555	4.63349865555556	0.16281019788418	3.41336909516039	0.434818664973325	1031.679884	19.7951742306615	5.8328344984127	0.319288774294061	1.26068425946301	0.0433232870918031	21.9494	0.308458583152846	8.32364744996813	0.0511444435232029	26.6381741534662
2011.4181258216	492.174496666667	5.13841621021795	8.99174831428571	0.0599707826420308	4.60683502222222	0.16077798646007	3.26216668888889	0.344706082375494	1033.85810355556	22.4923097943943	5.79881505714286	0.337436512758333	1.26812564226166	0.0426968667468556	21.8786	0.264316214328642	8.32088982641591	0.0504236120282258	26.4505854163397
2011.41171079812	492.918696666667	5.75981194673594	8.92569272380952	0.0646772199541428	4.5624588	0.174627740043639	3.132688	0.286575369016276	1039.83197990476	27.8337244029969	5.68968690476191	0.29935124888552	1.26675421841104	0.0387184693412058	21.9406	0.306243645236818	8.32790820245581	0.0455818001490265	26.2169486667836
2011.40529577465	495.619147968254	5.52332597391397	8.9248494	0.0430484790083556	4.52038062222222	0.183751572116452	3.09316156825397	0.253790845684297	1050.04164549206	33.7613206645547	5.66163982539683	0.281769158249688	1.30514169445934	0.0452592134794744	21.9336	0.363252634465713	8.33028448008823	0.0377141096852451	25.9697540148352
2011.39888075117	497.102277047619	7.58551877339212	8.94523057777778	0.071674857138092	4.45691526666667	0.18417849704143	3.10768613333333	0.242658241318323	1056.41458492063	38.4085099153945	5.64791692063492	0.254915804179126	1.32343580955969	0.0429684522093646	21.9762	0.355359524939329	8.3361085814278	0.0388143877701346	25.7225593625011
2011.3924657277	493.154186285714	9.33686025650083	8.95046468888889	0.0541784565200441	4.38365326666667	0.197186438472462	3.17186567301587	0.244608627200142	1063.11447225397	38.957613345311	5.63040282539683	0.233378553772125	1.33384709117285	0.037140520498004	22.0406	0.507842589881291	8.34343842633847	0.0412568899000565	25.4753647105526
2011.38605070423	498.141435777778	11.148877523803	8.98277986031746	0.0715760851498575	4.37969382539683	0.213478485745953	3.29555397777778	0.239974840179086	1064.35397122222	42.5939988894789	5.58574267460317	0.197560808280003	1.2909660859112	0.0399824916205404	22.0758	0.536924918271095	8.34874265893344	0.0439993085808847	25.2281700586042
2011.37963568075	500.937048888889	12.0942558936061	8.99430926666667	0.0601858445763815	4.38496105982906	0.204523927436192	3.400567	0.249269251347673	1057.98512336508	40.9653299674126	5.63924484761905	0.231646495508971	1.28989057957475	0.0321510056066164	21.9774	0.411264993642066	8.34480538300596	0.0502897400770994	24.9809754062701
2011.37322065728	507.52522	13.7584162166478	8.99366195238095	0.0543645892323642	4.44304010842491	0.17801626403514	3.3861396	0.222315678437427	1043.53274914286	37.6786702628339	5.71420836190476	0.235886322875853	1.28041184339726	0.0254754494641931	21.8208	0.399954210648223	8.33677788286244	0.0513039403174727	24.7337807543216
2011.3668056338	507.844068	14.360935832733	8.97751275555555	0.0486133565106099	4.49931588754579	0.139104988010224	3.32507691111111	0.216677895002353	1026.84793022222	30.1823974315852	5.74369326666667	0.261296244265704	1.27173447674128	0.0329677368908092	21.9256	0.411763865573141	8.34696428841845	0.0521362819362121	24.4865861019876
2011.36039061033	510.632569555556	13.5173304495655	8.9947302	0.0341877434898664	4.52754303174603	0.138018903503662	3.35903422222222	0.207932120502943	1024.80713755556	22.7128920764537	5.74439757777778	0.260109495544002	1.27054760035285	0.0390295286780267	21.974	0.390773035519669	8.35320945901606	0.0426650090367922	24.2393914500392
2011.35397558685	506.981418222222	13.4954720287893	8.98701884444444	0.0254950142594755	4.49410575555556	0.153055494470799	3.43769951111111	0.211219906790953	1031.02140222222	20.0457169766535	5.69020468888889	0.254377590323077	1.27759227439845	0.0522190757901665	22.1394	0.336483968647876	8.36752919539019	0.0343983531156571	23.9921967977139
2011.34756056338	504.097224761905	12.9462482167015	9.04929702222222	0.0293949325417186	4.43259851111111	0.184685679059573	3.53392046984127	0.221737844944485	1046.27995733333	25.7126398120239	5.67276066666667	0.283395249441789	1.29346922899362	0.0556440814289098	22.3552	0.315975441618731	8.38521204082426	0.0316252543599465	23.7450021457654
2011.34114553991	494.946183809524	12.0823366078594	9.01178548888889	0.0305660496163118	4.39339771111111	0.208743954487728	3.57583443174603	0.224171181025558	1059.67450333333	30.7899025727142	5.59342304444444	0.30505392828034	1.2890915627167	0.0579390800028101	22.6269	0.351952915239318	8.40654534788018	0.0314019953096576	23.4978074938169
2011.33473051643	492.295044349206	12.2529493944543	9.04623827936508	0.0244533625127672	4.40359715555556	0.215094715524097	3.63269117142857	0.240591722847834	1064.00328733333	32.5805757163261	5.62344393333333	0.351098251002552	1.28741856885154	0.0563189067698368	22.841	0.274127635862935	8.42383936398985	0.0346008667052065	23.2506128414829
2011.32831549296	490.312521555556	13.4567345216844	8.99080017142857	0.0366112497140971	4.41755728888889	0.201426344317768	3.61413202539683	0.251946677603491	1060.46511355556	27.9238255136682	5.65920317777778	0.338336728088786	1.2892387281234	0.0533120068930189	22.8457	0.275453180314649	8.42622211744704	0.0469433071845291	23.0742571462749
2011.32190046948	495.770960444444	14.3003218629918	9.02211007936508	0.0400057335297377	4.42714873333333	0.178798703185466	3.56460657777778	0.263892416502659	1051.94401133333	22.675512483915	5.77108586666667	0.330306539395536	1.30938471932515	0.0497605171028497	22.8481	0.291755076722563	8.42822092272588	0.0533332823987518	22.9176260705541
2011.31548544601	501.549044	14.7906031744771	9.00762662539682	0.0434164147587675	4.40292013333333	0.155096162744728	3.47324337777778	0.269531871554014	1048.07681777778	20.6013080904467	5.76207248888889	0.283298279762893	1.31579723806683	0.0459433795334743	22.8546	0.246038846627086	8.43049563401877	0.0592687010147426	22.7609949950777
2011.30907042254	512.947454888889	14.7540834310318	9.06355417777778	0.0592301515403404	4.37544982222222	0.154573489022742	3.40451964444444	0.28963340771038	1051.55031577778	26.1449891623941	5.74279537142857	0.276838066218676	1.32587929856091	0.0445089503546183	22.7727	0.241872816794555	8.42684442317196	0.0605274225893062	22.6043639196012
2011.29257464789	518.777636444444	15.7237552083714	9.04740895555556	0.0610973883086485	4.30481237777778	0.150211373426551	3.3025242	0.260991865582295	1069.99858377778	31.2249690243182	5.66494743174603	0.259189262326087	1.33463964419085	0.0407484722174251	22.7804	0.24395683129847	8.43210130513813	0.0636274231961753	22.2015982966373
2011.27607887324	533.813542222222	14.518392966788	9.11183483492064	0.0557175904641773	4.26548845714286	0.159337624498914	3.2648928	0.24661864548298	1091.17275244444	36.2179189301333	5.72117357142857	0.265180440852085	1.3628350873069	0.0470474286799628	22.7696	0.263515856470859	8.43612537042004	0.0586893380591036	21.7988326736735
2011.25958309859	536.269218888889	12.3098127721822	9.08931090793651	0.055942154141471	4.14971206349206	0.142205027213798	3.1692896	0.20493079451781	1109.94376511111	37.1536847937016	5.72572677460317	0.247326773344895	1.39380984467094	0.0528533414545869	22.9158	0.201648987226782	8.45067818981795	0.0541221723416321	21.3960670507041
2011.24308732394	542.245407428571	10.9331551045369	9.11776084761905	0.0623950069813577	4.08729220634921	0.1546698047667	3.18254878095238	0.217036894725893	1123.17582577778	39.2780628983752	5.73695746666667	0.271411592694829	1.40977297581195	0.064218931322074	23.0094	0.226246176169687	8.46141842057809	0.0502124707552625	21.0163496276624
2011.2265915493	531.444884698413	10.7884809953982	9.11325462063492	0.0701903692042336	3.96488625079365	0.16263830334568	3.13563302698413	0.282968550324473	1131.58266873016	38.3451922946013	5.611418	0.26936866039871	1.41894313852112	0.0568920919319308	23.0114	0.271808221161372	8.46567690799963	0.0455581190248058	20.668584110325
2011.21009577465	519.733267555556	9.94969374751754	9.11122016190476	0.0487426338765283	3.90425308253968	0.180082185465638	3.10528938095238	0.290346888827139	1142.7751091746	37.3857332715418	5.61948618339438	0.259016274268364	1.43646401777125	0.0478608954367427	23.0452	0.243069979380493	8.47205997725417	0.0381666684843704	20.3208185927719
2011.1936	505.543453333333	9.68342947962261	9.09293748888889	0.0552115816634321	3.80748901269841	0.174881853187237	3.0576977047619	0.232266148682965	1146.75313942857	34.000491496534	5.73827878974359	0.261107571152503	1.49257043584713	0.0463648302537884	23.0968	0.212325370151373	8.47963114088007	0.035724556861064	19.9730530752236
2011.17710422535	496.863332444444	6.87233615673593	9.1038870047619	0.0470341827877061	3.72855732063492	0.16499850026035	3.09904705396825	0.203707247574522	1158.114712	30.4572206787463	5.76338518461538	0.299137510272922	1.54027128761757	0.0842748128324922	23.0758	0.270181365471296	8.48238465961547	0.0373304887396646	19.6252875576705
2011.1606084507	492.546552	7.75370827020992	9.07496104761905	0.0422311347191002	3.6735868	0.156510306360205	3.08439874285714	0.197072114681887	1163.88038933333	31.5032187861116	5.63417343809524	0.253887984864661	1.54014946430854	0.0880308739744278	23.0802	0.290777561174594	8.48557106995312	0.0422727920324082	19.3831161861236
2011.14411267606	500.411701555556	7.75739473167871	9.12008034945055	0.0533543779039939	3.68858856190476	0.158517512183219	3.02831677777778	0.169477479694775	1168.249216	30.4335571080548	5.58527077777778	0.199496530611563	1.53297332628054	0.0633488641897675	23.0362	0.23966704176647	8.48336536288315	0.0435050310075056	19.3228705004302
2011.13286555698	511.618289111111	9.66284762521676	9.14293929352869	0.0529358236145543	3.74372854126984	0.177873762308493	2.97410755555556	0.136891559050778	1165.46684288889	31.3539314146469	5.7000686	0.22840084818603	1.5475785372793	0.0618189104100762	22.9191	0.281149305941531	8.47604831898662	0.0459074989357457	19.2817938965214
2011.1216184379	519.450804666667	10.1631429424241	9.16222125079365	0.0515797857254709	3.76697748888889	0.200996194483214	2.92080831111111	0.107572006545944	1162.33983711111	38.1767761414871	5.79714546666667	0.246946335905505	1.56825313718799	0.0639413472196204	22.6874	0.322622251798247	8.46099654896612	0.0467250228989453	19.2407172926125
2011.11037131882	525.753807333333	12.7420742146549	9.18283349047619	0.0647767398703072	3.82497251111111	0.231834759715415	2.95325911111111	0.13572776838922	1161.5600780928	47.7027732843984	5.81132873809524	0.259620617211559	1.55497584932977	0.065903885028482	22.6016	0.332011072204099	8.45569923137039	0.0467314966901355	19.1996406887036
2011.09912419974	524.660043111111	12.9497603216955	9.16482386666667	0.0530781706810517	3.86325313333333	0.250048098764466	2.97475091111111	0.164851206087063	1160.8773157265	54.6177810069371	5.83212475238095	0.266206341491832	1.55347243501052	0.0710308162510839	22.4703	0.342227298687498	8.44729534845555	0.0398364281039161	19.1585640847948
2011.08787708067	529.679221333333	14.2905030959351	9.2549064	0.0737502046094304	3.9089028	0.251733771237256	3.04161093333333	0.180153718433329	1155.28801766667	52.9097849604492	5.89789911428571	0.253743663526271	1.54920375797645	0.0646680952150325	22.38	0.29454178448892	8.44164255260992	0.0344386500746143	19.1174874809233
2011.07662996159	523.476862	13.2888700118073	9.1990858	0.0557122091938097	3.87989073675214	0.249081634384982	3.01144282222222	0.15907744689201	1145.31538488156	46.529901469091	5.91188713333333	0.285687562385188	1.55182584161646	0.055520197257397	22.4327	0.254943986717939	8.4437118270288	0.0309369019579666	19.244408817159
2011.06538284251	520.619315777778	10.5188559352635	9.22701748253968	0.0807658109928332	3.84582744444444	0.232465833876211	3.03011528888889	0.140683562420574	1131.82095955556	41.3360339061467	5.86485637777778	0.302664263581374	1.53557616759288	0.0420843776981478	22.3278	0.216275383070552	8.4336807886702	0.0288499836623402	19.4852042190526
2011.05413572343	516.534199555556	8.64883670011572	9.17320575079365	0.0498993766406575	3.85111818290598	0.228616186816558	3.09724304444444	0.17443244027615	1119.91429533333	34.4217892014584	5.78157892698413	0.292044107407797	1.51371196530449	0.0374720452421681	22.316	0.242747036989007	8.42999856654271	0.0351004266873893	19.7259996209462
2011.04288860435	513.859512634921	6.15451115865224	9.19758554285714	0.0480285607661272	3.85096373968254	0.199674979218312	3.1724032	0.196438142743464	1110.69556488889	32.1885991932485	5.73536676507937	0.275429543726531	1.5041451023215	0.0335787297880973	22.191375	0.295549479153828	8.4185857698283	0.0361257959513885	19.9667950228349
2011.03164148528	513.570394253968	8.02254057872502	9.16191900952381	0.0486676607700127	3.88738537777778	0.204250935150827	3.14436984444444	0.222232521410249	1102.10160355556	32.3008251507096	5.7480866984127	0.266084330491511	1.49666125643132	0.0258930657431125	22.0071428571429	0.358788740529268	8.40300647696168	0.0478631398262781	20.2075904245143
2011.0203943662	513.130157301587	9.29715391963524	9.14098884761905	0.0442742082054118	3.89972557777778	0.179657992371964	3.00561964444444	0.198017023308191	1095.35097777778	30.3486104445452	5.79362371111111	0.252132872729739	1.49244912344335	0.0150650715190668	21.8059166666667	0.370066013767077	8.3861350165614	0.0602889537643136	20.4483858264079
2011.00914724712	512.959504571429	10.4341690729518	9.11919039365079	0.0717486765519607	3.89289415555556	0.17891816211003	2.87607424444444	0.171792631468805	1106.79752888889	32.9867654080548	5.87438467936508	0.231104000160343	1.52603444881908	0.0182741675667773	21.5837	0.308550961540826	8.36764563684754	0.0775469433961149	20.6891812283015
2010.99790012804	517.321560444444	10.021774413715	9.08843047301587	0.0519389636491334	3.88790533333333	0.16798251392162	2.83549482222222	0.150641488983846	1116.30817822222	36.8646407720174	5.85392648888889	0.253952719345611	1.51696923072104	0.0225711981027478	21.229125	0.238968607675873	8.33947020445437	0.0783451133352369	20.9299766301902
2010.98665300896	517.625505952381	11.3776382212243	9.07038222222222	0.0572502791718599	3.87370637777778	0.193170000215585	2.83966822222222	0.128824513605835	1125.88264222222	42.1319531217655	5.76518877301587	0.258494001394187	1.51318547180441	0.0339520369865265	21.4128333333333	0.206187040979225	8.34979576006298	0.0837575896774041	21.1707720320838
2010.97540588988	517.208302698413	9.3170417094313	9.07851592698413	0.0482780236051683	3.89279448888889	0.216724279918224	2.86820073333333	0.110323746787485	1119.51939444444	46.7488443602106	5.65179744444444	0.253519517324616	1.47443313029185	0.0414246582251549	21.6845	0.25955742370109	8.36619697301857	0.0646452821662464	21.4115674339774
2010.96415877081	514.458754253968	9.66242706728007	9.12904690476191	0.0540434029638605	3.87296242222222	0.238526523760736	2.85442724444444	0.0767616544677967	1111.01658688889	46.7972192388214	5.66717444444444	0.261848191094861	1.4922848583955	0.0452117206594865	22.746	0.364560375459775	8.43626917591132	NA	21.6523628356568
2010.95291165173	510.078110603175	9.83817541214265	9.13005122222222	0.0456049511864684	3.85887226666667	0.250196298139359	2.845891	0.0831013471311082	1102.95529244444	45.8833568199365	5.6539452	0.289810667099027	1.48990369861946	0.0407135850449779	NA	0.386258251402943	NA	NA	21.8931582375504
2010.94166453265	509.11353847619	10.3420997834402	9.09601117777778	0.0630420119398958	3.85829068888889	0.261568531860017	2.82014902222222	0.0880626101413458	1094.06348022222	43.2742363373923	5.66773801269841	0.325279143423556	1.49145606614985	0.0547390660039079	NA	0.427468634004708	NA	NA	22.1339536394391
2010.93041741357	511.393088190476	10.1563600592258	9.07296706666667	0.0572647822460792	3.9058676	0.240822941571034	2.9376376	0.109270941970241	1095.98070666667	42.1099261431713	5.64395968571429	0.292052428567897	1.46387639044636	0.0438503308972126	NA	0.281586970403154	NA	NA	22.4194974309303
2010.91917029449	519.0940106337	10.1271785827233	9.04904335555556	0.0700581297163429	3.94823583492064	0.211747183533565	3.22761664444444	0.184516410491289	1094.47863165079	39.9042106257171	5.74979821269841	0.283692664839003	1.46757153745808	0.0507468591249123	NA	0.348522617452631	NA	NA	22.7189337181266
2010.90792317542	527.253436067504	10.5798789296566	9.00862530839002	0.092956751424934	4.00924096825397	0.189793879571288	3.04070717460317	0.103883579990047	1064.80722342404	43.6614574657462	5.57934552380952	0.217716228888888	1.40798660239607	0.0403514461862581	NA	0.397997055069702	NA	NA	23.0183700050564
2010.89667605634	520.917483333333	10.8532036381509	8.91395333333333	0.0564174857843049	4.05226059523809	0.219629844372568	2.70873166666667	0.0644621130113564	1020.7032900641	52.7223626675211	5.60040666666667	0.0460123161290056	1.37328594685671	0.0694694761434242	NA	0.322259221839509	NA	NA	23.3178062922466
2010.88542893726	NA	12.1450393143137	NA	NA	NA	NA	NA	NA	NA	NA	NA	NA	NA	NA	NA	0.388665315242726	NA	NA	23.6172425794429
NA	NA	14.2884451001283	NA	NA	NA	NA	NA	NA	NA	NA	NA	NA	NA	NA	NA	NA	NA	NA	NA
NA	NA	11.6563094126998	NA	NA	NA	NA	NA	NA	NA	NA	NA	NA	NA	NA	NA	NA	NA	NA	NA
NA	NA	15.8364319505007	NA	NA	NA	NA	NA	NA	NA	NA	NA	NA	NA	NA	NA	NA	NA	NA	NA
NA	NA	NA	NA	NA	NA	NA	NA	NA	NA	NA	NA	NA	NA	NA	NA	NA	NA	NA	NA
