""	"rm.x.BCa.3B.r15.30"	"se.x.BCa.3B.r15.30"	"rm.x.SrCa.3B.r15.30"	"se.x.SrCa.3B.r15.30"	"rm.x.MgCa.3B.r15.30"	"se.x.MgCa.3B.r15.30"	"rm.x.BaCa.3B.r15.30"	"se.x.BaCa.3B.r15.30"	"rm.x.UCa.3B.r15.30"	"se.x.UCa.3B.r15.30"	"rm.x.LiCa.3B.r15.30"	"se.x.LiCa.3B.r15.30"	"rm.x.LiMg.3B.r15.30"	"se.x.LiMg.3B.r15.30"	""	""	""	""	"int.T.3B.B"
NA	NA	NA	NA	NA	NA	NA	NA	NA	NA	NA	NA	NA	NA	NA	NA	NA	NA	NA	NA
NA	NA	NA	NA	NA	NA	NA	NA	NA	NA	NA	NA	NA	NA	NA	NA	NA	NA	NA	NA
NA	NA	NA	NA	NA	NA	NA	NA	NA	NA	NA	NA	NA	NA	NA	NA	NA	NA	NA	NA
NA	NA	NA	NA	NA	NA	NA	NA	NA	NA	NA	NA	NA	NA	NA	NA	NA	NA	NA	NA
NA	NA	NA	NA	NA	NA	NA	NA	NA	NA	NA	NA	NA	NA	NA	NA	NA	NA	NA	NA
2013.63085070423	446.407672222222	13.5333580781155	9.02813041666667	0.0956572582911214	3.83455152777778	0.295438338885359	6.3954113047138	0.381451589061252	1125.29929821429	68.9970736220611	4.77821736111111	0.198499691525305	1.29256432326719	0.0604633048405249	NA	NA	NA	NA	28.5693371415296
2013.61435492958	466.566141975309	11.2244120888518	8.99811552733686	0.0469912020540619	3.93235006349206	0.192526705138407	7.1898757369729	0.634115226211731	1077.69371433862	36.3918984185896	4.9697044691358	0.166640822795449	1.27972030312046	0.0370254132952475	NA	NA	NA	NA	29.0007070043621
2013.59785915493	456.405617171717	11.1285622920528	8.93254213997114	0.0558601067131232	3.88924666378066	0.167981249759346	6.50562957728383	0.607950894800767	1062.22969352092	31.0191914579689	4.86942446464646	0.158318900683196	1.27028629933649	0.0381777936586089	NA	NA	NA	NA	29.4320768672004
2013.58136338028	452.970598585859	11.6932927071028	8.92138665512265	0.0387977465189075	3.92814153535354	0.166968830240226	5.93182931497122	0.565680742382673	1047.6560549495	28.9998484256615	4.89583088888889	0.169204501613655	1.26555523290687	0.038958099645912	NA	NA	NA	NA	29.8242350704133
2013.56486760563	454.909527474748	13.3559052283273	8.91082037950938	0.059267375515442	4.01815678787879	0.153344727314921	5.46486942607393	0.454040186046591	1030.60586343434	24.7412525401715	5.01625101010101	0.183241961510686	1.26045513656656	0.0342170313696256	NA	NA	NA	NA	29.9272586811854
2013.54837183099	450.531055353535	14.9571289859224	8.88655478499279	0.0510556766281707	4.04672272727273	0.149445569221773	5.05374081136036	0.416512700860963	1019.85356606061	20.4629038800905	5.1624204040404	0.17448566223465	1.28816251645269	0.0340820859262546	22.0806666666667	0.29818928298121	8.29375574239111	0.0406671182705356	30.0302822918965
2013.53187605634	448.814582424242	15.0580830726665	8.84406609235209	0.0820056227690477	4.10174707070707	0.150330709070052	4.89153808369408	0.511251199006477	1012.53693616162	22.02974994967	5.22498624242424	0.166152675900167	1.28767177705086	0.0333408546369964	23.3086666666667	0.300295046831471	8.37535088901773	0.0393191938737782	30.1333059026686
2013.51538028169	447.311302424242	13.8216296066273	8.82287311111111	0.0643302171759042	4.13535951515152	0.159970212862486	4.84856476545677	0.617572329817287	1011.24971616162	25.2850973088881	5.2229151024531	0.153261361871131	1.27956627930246	0.0368316293508554	23.544	0.312570407652835	8.38965315348943	0.0406822831298275	30.2363295134407
2013.49888450704	455.136029090909	14.623683518636	8.87848836363636	0.0618370326851144	4.18797575757576	0.180437959603664	4.95014381818182	0.695848444421182	1009.30141575758	31.473011832758	5.27414897835498	0.192887861722232	1.27926081146286	0.0484415543518901	23.4276363636364	0.24733691680221	8.38130029921556	0.0323291894760018	30.2985916351958
2013.48238873239	461.977105050505	15.825035291124	8.8997677027417	0.0613422965407003	4.21917973737374	0.19084667484802	5.01150629752066	0.778549958333442	1004.21915333333	36.6922933987835	5.36064587878788	0.198883915521396	1.29459765250177	0.0542494842375417	23.8847272727273	0.228029706633671	8.41690020952016	0.0295145623904443	29.7988392883068
2013.46589295775	467.158776363636	15.5951321759002	8.94144836940837	0.0497891396710996	4.23980523232323	0.195124119377723	4.90687326747999	0.723886078260346	1006.32383717172	37.6601103324014	5.45785044733045	0.212531528736195	1.31637936931249	0.0596856268331798	24.1511818181818	0.299972144712315	8.43989787040514	0.0385936655911827	29.299086941714
2013.4493971831	470.003782106782	15.1468483691002	8.95256641847042	0.0620723077513754	4.24307716305916	0.184391101632453	4.78736741414141	0.655878741786879	1007.27210340548	36.3095860210806	5.4778313044733	0.228033887063184	1.31302633314545	0.050809256752864	24.3761363636364	0.260134092090538	8.46014312477838	0.0333736218943166	28.7993345948251
2013.43290140845	473.008703745144	12.8172618228564	8.9386974025974	0.0557799955202532	4.18966747474748	0.168288495420855	4.63034465800866	0.553041654205233	1016.84993497836	35.5158607601615	5.44609732467532	0.231718268503722	1.31792756518289	0.0481311348887313	24.4118636363636	0.224354995597572	8.46818177696282	0.0287824706676343	28.2995822479361
2013.4164056338	487.077689013209	13.3698386802881	8.94466916394716	0.0816060331121296	4.14494175757576	0.167267855753069	4.70975358530359	0.563158190400197	1034.11678932845	37.5134042981243	5.48401021067821	0.23856355960578	1.33895678107247	0.0528875010441327	24.6654090909091	0.286559234065314	8.4902902654879	0.0366222216944347	27.7933190802076
2013.39990985915	497.044373398319	10.9298259834171	8.92355795493395	0.0609349645065898	4.09750687734488	0.160789498792575	4.72131122766123	0.535012708028387	1052.33191007881	33.9029466233486	5.50765462626263	0.213048565805083	1.36078454058283	0.0475296655196473	24.5890454545455	0.348786105687513	8.49589695855674	0.0445847557753218	26.882120338627
2013.38341408451	514.857405491276	9.94095315015323	8.9857355974026	0.065164927692201	4.09608907070707	0.144130034333316	4.76584104095904	0.495999947210347	1069.02428326118	34.5871882092641	5.60347644444444	0.188563248677092	1.38780577176628	0.0521269686677781	24.6662727272727	0.367938386415915	8.5113905300568	0.0469878469664113	25.9709215975864
2013.36691830986	519.085342493769	10.7838974665667	8.95478722799423	0.0504383752487824	4.03891333333333	0.128240909071769	4.6966161962482	0.43509874094575	1071.02846733045	33.0078849464665	5.58717826262626	0.141587841110951	1.40137584772941	0.048413483875836	24.5107272727273	0.378635086759824	8.51198384002225	0.0484280606193952	25.0597228560057
2013.35042253521	536.413097208095	10.8081509328806	9.00738838383838	0.0637926333852487	4.03112243290043	0.127276047972803	4.8701443968254	0.479692648142114	1082.65769838384	32.3983766338349	5.58991371717172	0.104947360950586	1.40682346742533	0.0555093435299079	24.5689090909091	0.297815972907782	8.52633722338231	0.0380971536144337	24.148524114425
2013.33667605634	545.540638539239	11.9822957234117	9.04885103896104	0.0456240793611653	3.98570114574315	0.125037071595302	5.0739418967699	0.563268475314109	1097.18950727273	33.1410849872602	5.57097773737374	0.0834568623434713	1.41729487499542	0.0503871108551412	24.4613181818182	0.306221119400576	8.52830337237336	0.0392195914961349	23.3891918300361
2013.32292957746	556.861645725386	10.6025569243861	9.13355842424242	0.063324429850677	3.99047705627706	0.124139675466364	5.34263629647121	0.679803123576399	1116.24690909091	36.1945742002554	5.65215373737374	0.115297450394728	1.43847906439782	0.0581546393536016	24.3065454545455	0.369807231445995	8.52313749683675	0.0474238535886187	22.9798064825346
2013.30918309859	555.683392222222	11.5544705263574	9.13246916017316	0.0520759563288827	3.95236094949495	0.100238298879005	5.39426849770432	0.683517869040681	1122.64456242424	35.2837965091958	5.67038876767677	0.130339050354244	1.45302362623734	0.0549629052563959	24.1339090909091	0.354746886834836	8.5154765166229	0.0456167641831602	22.6828589600658
2013.29543661972	549.241187388167	10.7868295956931	9.08893870995671	0.0347754426923375	3.91641739393939	0.0992733967508524	5.35663227522982	0.617673526039979	1124.76511070707	33.6406785041778	5.63976157575758	0.12758612543849	1.46006558976574	0.0572779402916646	24.3446363636364	0.38993920907862	8.53257229323014	0.0499683208362232	22.385911437597
2013.28169014085	545.996881010101	12.5917432742814	9.04998011544012	0.0673416567038763	3.88247884848485	0.103062698491588	5.36200597873843	0.565736636281614	1134.54609313131	33.9473787829499	5.581697001443	0.140929987374821	1.45573675576897	0.0574353927530981	24.2097727272727	0.389084890034158	8.52736972605146	0.0499516629583283	22.0889639151283
2013.26794366197	546.023482828283	11.4149812662673	9.07264041847042	0.0598888931175074	3.84954082539683	0.117963010567491	5.59992863367945	0.598302984033103	1149.16301777778	34.6960465854338	5.63680810966811	0.151941848564983	1.48266244610033	0.0613688198365291	24.3129090909091	0.319076093932166	8.53752741404156	0.0409405998999208	21.7920163924434
2013.2541971831	546.418345858586	13.2403721898055	9.08726554978355	0.0759372412795698	3.84165258297258	0.132648656063435	5.8342913335957	0.63538544905346	1163.82777515152	35.4083547362124	5.70815864935065	0.193624117057232	1.50498035325623	0.0670231411441461	24.4905454545455	0.305287595068125	8.55246979790194	0.0390862241419327	21.4950688699697
2013.24045070423	537.303914949495	11.5716888803011	9.1222286984127	0.0445489300631808	3.76596014141414	0.129516555021905	6.23038718808969	0.794163676781381	1181.69877070707	34.7861948199429	5.64573003463203	0.195722285965749	1.51635801122176	0.0645129687547697	24.5832727272727	0.303886255362672	8.56196174856347	0.0388648800426754	21.1962008416191
2013.22670422535	526.565165858586	11.5764555755075	9.12694960894661	0.0584145123350752	3.67992633477633	0.128298726116119	5.70716760909646	0.483447842565279	1204.99815777778	35.8840388149552	5.52655654978355	0.185555799577783	1.52045281037006	0.0653363804823208	24.4972727272727	0.294645213185099	8.55998948829031	0.0377250439960619	20.8964886968952
2013.21295774648	512.28193988456	9.58536171104253	9.12248613275613	0.0495205218663076	3.56542844733045	0.10848785259779	6.68047210991029	0.967137622419872	1230.94113918869	36.6800267235355	5.4095959018759	0.155033499589641	1.53456063970995	0.0582284225877271	24.6717272727273	0.364073671138863	8.57474432292093	0.0464933446367528	20.5967765523895
2013.19921126761	510.544594112554	11.6723732748752	9.13111108225108	0.058306895075616	3.5324901010101	0.110761942314488	6.60819620607675	0.964396193575949	1246.37044888889	37.5095765840941	5.3795022020202	0.132485195533524	1.54903464304032	0.0596398253754657	24.4683181818182	0.407113041442296	8.56524801624529	0.05208081603182	20.2970644078837
2013.18546478873	506.304965339105	12.5875341743112	9.13857445021645	0.0670931055299542	3.47107462626263	0.118701047053093	6.16559353346653	0.980951552718244	1250.37013665224	38.6357501249578	5.43828031024531	0.126261626085318	1.59038659307877	0.059846761023742	24.0007727272727	0.384986961784164	8.53862925205244	0.0495902693783208	19.9973522631598
2013.17171830986	514.284876118326	12.7586075793743	9.13156423687424	0.0515505946211359	3.5077003982684	0.139126711203293	5.62990868686869	0.944823420682051	1243.44354323878	39.4629505070748	5.48251152958153	0.148088253216445	1.5858692223905	0.0558620373040194	23.609	0.392282852497578	8.5166810898885	0.0509007357221449	19.6976401186491
2013.15797183099	512.773121212121	11.9299859059669	9.08772221645022	0.0578148166408207	3.47619721212121	0.139900625308913	5.13404484848485	0.933152256045144	1240.89249156177	40.1653085195128	5.51623788744589	0.127177108015102	1.59704498124939	0.0455481219355821	23.7897727272727	0.367127717209967	8.52994317681962	0.0474849213746484	19.5756933283934
2013.14422535211	523.571266060606	11.1468022061907	9.14482101343101	0.0376115002832846	3.4980716969697	0.138855731031431	4.89394888455988	0.784162269312391	1237.74233046842	36.567139359687	5.56206392784993	0.129079797217469	1.60403189408121	0.0506381964413803	23.6489545454545	0.32175438440571	8.52097415910154	0.0417723758666746	19.5570270570736
2013.12772957746	527.122434487734	9.84181520137698	9.17468390909091	0.0599414728085316	3.4538841010101	0.126138507020763	4.83349135445363	0.658491310756399	1231.22583543124	32.0812931092664	5.59980936507937	0.116879008852509	1.637932828148	0.0536034623670394	23.8926363636364	0.275270718738919	8.53712890887612	0.0355923346518878	19.5346275314981
2013.11123380282	537.78411984127	9.00058099466867	9.2059282020202	0.0462224076248657	3.47057961616162	0.117797623792254	5.04083525341325	0.54104967515538	1217.68141583306	27.5911665881271	5.61819637518037	0.1119211493175	1.64106988762455	0.0535550942166408	24.3936363636364	0.320078833264763	8.56980079395565	0.0410235542483104	19.5122280059359
2013.09473802817	534.267352640693	8.74239318429476	9.16074028860029	0.0481885174398769	3.46669905050505	0.10305442083492	5.38639795282495	0.483989494782007	1214.26363689533	26.6426147176184	5.5925178961039	0.0921956832195406	1.63067133721622	0.0480811950667121	24.63	0.360805059428344	8.58525675503664	0.0460963063257331	19.4898284803604
2013.07824225352	534.415915353535	11.0790454261559	9.24404494660895	0.053805198068266	3.47948494949495	0.0943810346311357	5.81605302426866	0.515559534895807	1222.39050517039	25.6095873162191	5.612883001443	0.0854755307780864	1.61950839592263	0.0348092610633786	24.6549090909091	0.306780983603655	8.58663729821442	0.0392034056431445	19.5079834247457
2013.06174647887	528.548862943723	11.985790772846	9.21246952958153	0.0661001799265135	3.49960542857143	0.10684234459674	6.14300781618886	0.647048425265735	1233.04746286602	25.1058773253424	5.62242356709957	0.122304101738967	1.60310177308325	0.0332874323217359	24.6430909090909	0.350612488875356	8.58457727420825	0.0447921960265774	19.6169857672407
2013.04525070423	527.075064519925	15.2178590960089	9.21560032745033	0.0643308956801641	3.50741136219336	0.136294750809058	6.18729755133755	0.653698246378977	1239.70487396825	28.279755331254	5.68086065512265	0.164489620334434	1.6228149833434	0.0485799971315058	24.5341818181818	0.363769902752771	8.57628582598213	0.0465213492968353	19.7259881096681
2013.02875492958	522.671513990454	13.3667287334301	9.11262544588745	0.0550320443887745	3.5347822049062	0.146206785794421	6.06059309090909	0.631129147244418	1238.99307497836	33.0537483126198	5.62212496969697	0.161623863528595	1.604273556752	0.0517890040066211	24.3171818181818	0.319185463845988	8.56102223954862	0.0409521143857425	19.8349904521632
2013.01225915493	514.708946678877	14.0342888957598	9.16672300888001	0.0382488972324276	3.50596880519481	0.176570140614558	5.31539694755245	0.381361921651857	1245.35258565657	35.7436576153296	5.5497124040404	0.150552341197109	1.61459382384239	0.0589923200156192	24.1964545454545	0.3307290944025	8.55193159034876	0.0425016797556932	19.9439927946567
2012.99576338028	511.62903953824	14.4814798166222	9.15079098268398	0.0556499699137871	3.53234731313131	0.192648676968365	5.16760692063492	0.416606382752805	1243.58690505051	38.5487696432348	5.46152276767677	0.158238622646719	1.58446151243313	0.057249757780698	23.6699090909091	0.328254680906747	8.51579078464279	0.0425916857607991	20.1064250977167
2012.97926760563	508.774274516595	15.8953808630783	9.18891526984127	0.067465074811898	3.52726084848485	0.211481820625364	5.38377376190476	0.587042971032428	1238.76114181818	39.1404961393827	5.45063286868687	0.1690998938485	1.5887650597283	0.0605077085106461	23.5084545454545	0.308418410122481	8.50144464517085	0.0401783890734695	20.4234632440695
2012.96277183099	506.818391976912	14.027302425007	9.11371366810967	0.0607433285352113	3.54861335353535	0.197226361094869	4.96399454401154	0.439045581498908	1214.00995388167	36.0864448785997	5.40840680808081	0.178029044537982	1.55809488505361	0.050420712808647	23.5143636363636	0.191388005358333	8.49806639208405	0.0249958878231951	20.7405013902257
2012.94627605634	503.947262049062	12.0891692787926	9.10089959018759	0.078593358888376	3.59247797979798	0.179292369336574	4.66798324047165	0.372756972813803	1184.6396155267	31.9826471956334	5.4472838008658	0.154266887972484	1.54024015214725	0.0509066390234596	23.4461818181818	0.203708250298483	8.48982867784056	0.026642178791354	21.0575395365785
2012.92978028169	500.730488412698	10.881530799123	9.08384143456543	0.0675400563266378	3.63840024242424	0.154486520103849	4.52877693573094	0.399566681610702	1148.40824103896	28.8029831754664	5.50777130735931	0.125056158083834	1.52722683888473	0.0481039165475889	23.5818181818182	0.18119029766227	8.49497564119577	0.0236310913750941	21.3745776829269
2012.91328450704	504.269601414141	11.2054892644872	9.05077804506604	0.0933958253105466	3.73663587878788	0.153696574495425	4.43585064357864	0.431908668669193	1116.28249940837	27.5686653946161	5.56550361904762	0.115960698666867	1.50353631150452	0.054500923072613	23.8484545454545	0.286270100164048	8.50855338686087	0.0370388777860953	21.6985705313834
2012.89678873239	510.070118989899	11.9930102216719	9.07405526906427	0.071180025587209	3.78615616161616	0.138802628219857	4.42581730735931	0.434448738319341	1102.21286181818	30.128931966225	5.56878024819625	0.111294894467984	1.48609255162408	0.0450133310386282	24.0041818181818	0.291601777590972	8.5145289945452	0.0376153422996879	22.0495287794729
2012.88029295775	510.250809292929	10.1715490186043	9.04593425863026	0.0691213520635339	3.84506541414141	0.146458454852263	4.49259826551227	0.447247564890546	1097.05007959596	34.6262563811595	5.63170077056277	0.115331235087753	1.48478960642089	0.0507472450095926	23.8027272727273	0.348432779245714	8.49730128796346	0.0450707392169463	22.4004870273447
2012.8637971831	509.60073959596	9.9722176213695	9.09202375779776	0.0717951485995359	3.86129951515152	0.139055002342198	4.63723351515152	0.500642253261585	1105.35841838384	39.1383899864383	5.68098518614719	0.109583927934626	1.48909718128404	0.0484623130548891	23.9127272727273	0.44150645194316	8.50033149625568	0.0569061200939487	22.7514452754342
2012.84730140845	507.761267272727	8.65006254587789	9.10209537229437	0.0574015595410776	3.89456935353535	0.150228635824569	4.72541015207015	0.52980806100823	1119.09618080808	41.8758715549794	5.69442096969697	0.118383567227799	1.48089006086615	0.0485331869122732	23.9805454545455	0.41975889970827	8.50061539184541	0.0540589630064243	23.1024035235189
2012.8308056338	509.842572784993	9.70909486097229	9.07866278210678	0.0501508305451278	3.9257638989899	0.136316250469711	4.74724679522498	0.539533256922939	1129.56839575758	40.2160623408135	5.64694024242424	0.100998639023362	1.44692717267384	0.0417316335466145	24.01	0.296260327783154	8.49782332836506	0.0382093650917135	23.5037168077971
2012.81430985915	508.863215917416	9.88632353278035	9.03892766522367	0.0669546084924998	3.94188912265512	0.132390551554614	4.72577403305785	0.534269610376896	1138.90542020202	40.1834979421824	5.60072668686869	0.0984347205786233	1.42927539291035	0.044091984321083	23.854	0.33594209457746	8.47974632818705	0.0434219178429753	24.1832921718419
2012.80193802817	508.817441469641	11.311005957092	9.04267956132756	0.0622523188384713	3.92079522655123	0.126290906602929	4.65469967768595	0.515614612275082	1135.93802444444	36.5158116587517	5.59971078787879	0.0933950719614961	1.42875438856534	0.0422698300724792	24.196	0.328500809463511	8.49597548910122	0.0422169367821343	24.692973694557
2012.78956619718	507.861650820291	10.0591828431602	9.03732351515151	0.0628860025640668	3.91571650505051	0.134620202654867	4.50584215073815	0.454296619687773	1130.73521010101	35.9050031119179	5.60890884848485	0.124712890248175	1.44090338655193	0.0437031557594221	24.2152272727273	0.279603252709299	8.49128771651467	0.0359473676334296	25.2026552176937
2012.7771943662	510.811478095238	10.610560246633	9.11098458585858	0.0603175363986205	3.90316974891775	0.144211287937214	4.44154102075702	0.43061926119047	1131.87989111111	37.4664841818841	5.59528573737374	0.120263085701225	1.44129874874647	0.0423304020669457	24.1243636363636	0.311791517545336	8.47949700984134	0.0401245969262654	25.7123367404088
2012.76482253521	507.784216536797	11.4360749837323	9.04987103896104	0.0558821417895615	3.90691073593074	0.148390218719389	4.42915987878788	0.46696062332634	1132.09231515152	38.740823074024	5.4532303030303	0.101906808725983	1.41664815361236	0.0408261464609662	24.2795454545455	0.23988881377673	8.48361597667885	0.030828525450783	26.2220182635455
2012.75245070423	500.390242943723	12.3139816649466	9.01650902103452	0.044022201004613	3.88135197402597	0.127510700538671	4.44752907070707	0.481427747103516	1127.08707737374	36.7491834696399	5.40034353535354	0.111017442705446	1.40774294894756	0.037165333596421	24.1750909090909	0.158931972556897	8.47097729885501	0.0204853861795549	26.73169978627
2012.74007887324	494.65580978355	10.3811993918264	8.9423158011988	0.0493530127819288	3.90697757575758	0.10821483842716	4.39041793939394	0.471141518989838	1112.35420606061	34.3453794533435	5.35143103030303	0.0837734753555225	1.38813623415989	0.0326540448047638	23.9125454545455	0.202494640271892	8.45041861137303	0.0262077331302102	27.0387038909548
2012.72770704225	487.634964574315	10.7140161646946	8.96877023476524	0.0629461655365728	3.90741303030303	0.112583479488612	4.34844018181818	0.461745623375823	1098.28236585859	29.235186723325	5.3599202020202	0.120795163894969	1.38922903613665	0.0383430306192252	23.7026363636364	0.216017014175326	8.43378130538638	0.0280734782649503	27.29564287515
2012.71533521127	484.699793968254	9.75902975548805	8.97207137839938	0.0639021546511273	3.94885824819625	0.145790181249516	4.28804666666667	0.506748638566373	1091.63436666667	32.186715756636	5.37429076767677	0.138214737271929	1.37567197963011	0.0447921145859704	23.6272727272727	0.285789531295929	8.4258939822837	0.0371482627745348	27.5525818591327
2012.70296338028	476.709230937951	9.0062334059741	8.94476666666667	0.0660139671605283	3.95968352669553	0.196720995528601	4.1037761010101	0.506067301755015	1077.71595737374	34.4073330227213	5.42689913131313	0.137401945692193	1.39047794661804	0.0583681484635428	23.4756363636364	0.322269206289267	8.41299485169361	0.0420021140542577	27.8095208433279
2012.6905915493	478.791498181818	8.33770880167652	8.91506651948052	0.0697405544502543	4.03474415007215	0.21809173842064	3.90955280808081	0.44275777318671	1061.6718769697	36.5479749560446	5.46847951515152	0.137189292321955	1.37942831370701	0.0598156343281729	23.3895909090909	0.354563655127243	8.40437991568578	0.0462722998257448	28.0664598273106
2012.67821971831	483.961925656566	8.34842719294853	8.95610058053058	0.0370160438753159	4.10681523665224	0.218442677976872	3.78768074747475	0.360459971940238	1041.63122383838	33.7813087898484	5.45545355266955	0.134225333366394	1.36052216408544	0.0592590167273531	23.4351818181818	0.277479788557385	8.40442613065581	0.0362365931800763	28.3233988115058
2012.66584788732	490.41071030303	6.54163357484725	8.96562625108225	0.0373988555412382	4.17753595959596	0.203955742094581	3.79815678210678	0.355603746668972	1035.52266929293	33.2615469845142	5.45554501587302	0.120538749662501	1.33730721329533	0.0558675292146625	23.5241363636364	0.240712352771642	8.40728235341012	0.0313942560742042	28.5833839189979
2012.65347605634	492.172059307359	4.91211106401696	8.99624342568543	0.0781366989547286	4.21777933333333	0.186728819506513	3.85788736829837	0.412696319348926	1039.32446060606	36.2127672920363	5.45552851226551	0.106523654933875	1.32194942933192	0.0560478357511794	23.7135	0.290454588846205	8.41619742494522	0.0376806980416848	28.8863501051107
2012.64110422535	488.016263116883	7.05234918669136	8.96504508658009	0.0602993795508359	4.19532798268398	0.172971804581517	3.86479217005217	0.463901003238624	1050.91420141414	40.1410335027844	5.45443127561328	0.111920668652806	1.32398018084297	0.0560163589978598	23.8021818181818	0.255707567996292	8.41850707062551	0.0331345288437053	29.189316291463
2012.62873239437	485.593606868687	9.06447581508158	8.90890681962482	0.0557971682216436	4.16794377777778	0.150370314797583	3.81060242113442	0.448749467847567	1053.04284161616	40.758363102156	5.34376205627706	0.128111892622012	1.29941454048443	0.0474643903429325	24.0569545454545	0.338553194789946	8.43158657280763	0.0435992096173692	29.4922824775759
2012.61636056338	484.317316161616	9.15426968609412	8.92782863492064	0.0429902193125495	4.12094262914863	0.137526444216224	3.70615343545344	0.39152358839253	1057.43852181818	36.7460247156469	5.30215447619048	0.131088717639008	1.30606381240036	0.0410897228327862	24.2503636363636	0.434901018471754	8.44062466929606	0.0557701434504185	29.7952486639282
2012.60398873239	476.948981414141	9.65701239639902	8.91822760750361	0.0609986738852941	4.07419056421356	0.117839374203723	3.59243400865801	0.335379309449535	1066.53681535354	33.7050040211042	5.18416919191919	0.124717660508306	1.2928623575497	0.0309190792225723	24.2665454545455	0.406898968108711	8.43820425403331	0.0521853439069986	30.0982148502861
2012.59161690141	473.091241010101	10.1080883075438	8.95414541414141	0.0686911735335905	4.03694014141414	0.120676484807238	3.58555612121212	0.314666006221027	1080.38485350649	29.523762787539	5.124076002886	0.0957820738959255	1.29404761381185	0.0299445873388058	24.0854545454545	0.336173882594771	8.42303834246366	0.0432739399747302	30.4011810363989
2012.57924507042	467.359194343434	8.89517029590734	8.91933705194805	0.0493846690586796	3.99233806060606	0.11727626358406	3.68367858585859	0.36540158643213	1094.47343197691	27.278365280772	5.13605236363636	0.0936498710901565	1.30654801998331	0.0344623857380411	23.808	0.407651455401436	8.40362505465788	0.0526705252998685	30.5234605088713
2012.56687323944	471.614654747475	9.36374316170504	8.99279867821068	0.0433128179792419	3.9570765050505	0.141024121675872	3.90150858585859	0.440381054111069	1104.78400450216	28.9245136747753	5.23977585858586	0.11299495587232	1.35272043256038	0.053178907035364	23.6988181818182	0.379572410583321	8.3992889283216	0.0491719313247998	30.2796356657233
2012.56	467.388723030303	10.2324952170489	9.02713727849928	0.034607076014414	3.9167025050505	0.167870963260878	4.00345947474747	0.44179969539241	1114.70633113997	31.625900731712	5.25134345454545	0.11124547020469	1.37168887364041	0.0604076136194691	23.5381818181818	0.358217044875965	8.39032477517779	0.0465843225540468	30.1441774194
2012.55312676056	469.935817373737	11.5310664520029	9.01356686868687	0.0461881209302612	3.93742725252525	0.192723894385875	4.03665323232323	0.446665127594423	1102.36855555556	33.2633924337242	5.23209693795094	0.120727051262105	1.3634826653267	0.0608618990575623	23.391	0.305736041828122	8.38220240634393	0.0399435832062061	30.0087191730767
2012.54625352113	469.850766262626	12.9502137426048	8.9169874949495	0.0499975059287644	4.02954024242424	0.190148243186391	4.12058621933622	0.481597935445834	1086.07330464646	34.4668893267413	5.18633396103896	0.136596501235603	1.31477782050288	0.0451637239663168	23.4696363636364	0.258925446367984	8.38892329417068	0.0337997676826784	29.8732609269506
2012.53938028169	476.459602020202	13.5401244236071	8.87889731313131	0.0499203546704074	4.15460294516595	0.188355100152823	4.16916132323232	0.533387451208774	1067.78260606061	35.60068409695	5.20327319191919	0.156772532575658	1.27237527954314	0.033946355597069	23.6213181818182	0.239422584496413	8.40041789688676	0.031156326696566	29.7378026806273
2012.53250704225	476.183715151515	15.5036411463007	8.89736460606061	0.0487924855974297	4.20738796536797	0.184654756079571	4.13428322943723	0.539087938605195	1062.43906787879	35.9422505648418	5.22255313419913	0.188222246683573	1.25147592805211	0.0312223965268452	23.7136818181818	0.204356042603982	8.40800493697003	0.0265581256120999	29.602344434304
2012.52563380282	473.906779090909	16.3229317882796	8.9153558989899	0.0618440842207984	4.22296486435786	0.188940547289428	4.00105868398268	0.536391853445294	1056.82099414141	35.5930621650764	5.24266290909091	0.201780159277853	1.25102748620702	0.0333872134682858	23.9102045454545	0.2344197595277	8.42235580187835	0.030322786442694	29.4668861881779
2012.51876056338	474.80917979798	15.5418901543082	8.98894226262626	0.066276551840971	4.22179415873016	0.182712689437783	4.09317208080808	0.524679336809746	1063.80310464646	35.921734758461	5.37324319191919	0.18668030832439	1.28397620047663	0.0365178000796322	24.0770454545455	0.243359222461416	8.43473012188248	0.0313770534631956	29.3314279418546
2012.51188732394	473.975737777778	12.9910292173587	8.98661151515152	0.0490353015404655	4.23846622222222	0.189517618235793	4.26407042424242	0.504973591828279	1077.41736585859	37.4354483910844	5.38717680808081	0.164221453244238	1.28830724606012	0.0411419485698865	24.0369090909091	0.232486850245751	8.43368205077272	0.0300022124180632	29.1959696955313
2012.50501408451	477.487549090909	10.5491046680437	9.02794047907648	0.0311399987392501	4.24425536796537	0.189618575106861	4.32775422222222	0.428409357785133	1088.80245050505	40.5628385078099	5.43781597979798	0.16764797935453	1.29872224469587	0.0401239136473697	24.0889090909091	0.234128847764157	8.43860305067875	0.0301853054036094	29.0605114494052
2012.49814084507	475.876124242424	9.20447548987732	8.9898477056277	0.053669698817945	4.23853983549784	0.192705155889099	4.44659831746032	0.417016393855089	1097.60083818182	44.8438189048823	5.38110464646465	0.19818858807372	1.2874379120323	0.039840048314691	23.854	0.219412935725395	8.42534137936323	0.0284215142148412	28.8874940754049
2012.49126760563	479.006967272727	8.83204862254684	9.02350097835498	0.0537685855345188	4.2254521038961	0.196495609982047	4.69474241155814	0.486943338939763	1105.61682424242	46.4139045790831	5.41076060606061	0.202829195068374	1.29925957632489	0.0385216871644101	23.922	0.271972859608521	8.4329105532036	0.0351482917841839	28.6131808721614
2012.4843943662	479.35625010101	10.4238345325665	9.03752219336219	0.0645204114782544	4.24203943434343	0.216304799759911	5.06161296176046	0.599814002508767	1109.82582585859	47.2777385625963	5.40558397979798	0.190442493933136	1.29700164307155	0.0418463933127654	23.6995454545455	0.236525891861041	8.42157169530216	0.0307276042079376	28.3388676693262
2012.47752112676	480.318478383838	11.3707424270266	9.12042119191919	0.0583681762217209	4.24278055266955	0.230668214496154	5.33975477462941	0.756421767224451	1112.31776848485	48.3754708768247	5.55191773737374	0.168873272943988	1.3358001447899	0.047429318096115	23.7437272727273	0.177431681649283	8.42760889529264	0.0230569748852805	28.0645544660917
2012.47064788732	480.071558383838	11.3504170468714	9.08325183838384	0.0557772981223859	4.30303264646465	0.230114544521575	5.40823185386331	0.819017079457906	1099.17810958153	47.4302673656559	5.65137927272727	0.177191423581241	1.3401516942779	0.0444648136085408	23.608	0.166478390626095	8.42189593623069	0.0217061940568275	27.7902412628573
2012.46377464789	485.433203636364	12.1958341122593	9.077251997114	0.0412791486686446	4.36171735353535	0.233208281187695	5.43122828354978	0.79421298614112	1089.77944132756	44.0155264524925	5.73527012121212	0.193344646960273	1.34723730055857	0.0517414974996979	23.6607272727273	0.227982817969373	8.42850410630118	0.029648608102292	27.5159280600221
2012.45690140845	485.368418181818	11.2908414334246	9.00728756743257	0.0414839204968817	4.36036080808081	0.212572589518601	5.41817971633922	0.748626891803944	1084.02495311688	42.0921288296723	5.7112983030303	0.198071199278398	1.33883602947412	0.0467659289820688	23.5114545454545	0.258188527441634	8.42188959422092	0.033670286328519	27.2416148567876
2012.45002816901	490.040006868687	11.9214217434564	9.03061074236874	0.0517738623099382	4.33477426262626	0.21502828378644	5.32276173888233	0.691181115554543	1090.43931838384	41.3488893639378	5.7682453044733	0.201288269836534	1.36782496889398	0.0430196682260246	23.538	0.280651709095423	8.42679608084979	0.0365584425318186	26.9673016535531
2012.44315492958	489.07338	12.3223424576466	9.02062661605062	0.0760892714759526	4.25725690909091	0.216197034039444	5.04755682095178	0.618099417055838	1097.88808444444	39.5787588016236	5.81464304473305	0.22750643296958	1.4006771074434	0.0431155498157467	23.9488181818182	0.281470838734408	8.4567671362936	0.0363513599230654	26.6929884507179
2012.43628169014	489.650422453102	14.2225320908443	9.00115605860806	0.0806367328311665	4.23890654545455	0.230443265184704	4.70208365268065	0.528863586615763	1091.29808484848	35.2709679571973	5.90284196536797	0.293976145580638	1.42388932929618	0.052664471686661	24.1272727272727	0.256947999369844	8.47150399838109	0.0330932170541018	26.4186752474835
2012.4294084507	494.795454025974	13.5659808150378	9.04412933710734	0.0573120094324104	4.25838781818182	0.225286178804623	4.32287355411255	0.412562534055688	1080.55448121212	30.8054933542956	5.85032705483405	0.273891829323809	1.40023512031375	0.0549582419610432	24.3771363636364	0.178592630547709	8.49080481738262	0.0229375464926935	26.144362044249
2012.42253521127	502.04429034632	13.5854474806804	9.00885704184704	0.0568443684544912	4.29849531313131	0.224432588947088	4.00088763636364	0.267753168581742	1069.76107191919	31.6041444848908	5.84682891774892	0.234189961138436	1.38903292562122	0.0614472075934487	24.7303636363636	0.154322700429226	8.51666677540056	0.0197348351760009	25.8700488414138
2012.41566197183	520.222212857143	12.1376740240558	9.11464942857143	0.0414569279922034	4.35860775757576	0.206175554410995	3.77266442424242	0.216911886478763	1070.84303070707	29.1256661198205	5.90020555266955	0.17816309699539	1.38864834403101	0.0609952178406097	24.8391363636364	0.223789959264862	8.52663337885638	0.0285669969509321	25.6110455670662
2012.40878873239	526.380777777778	14.3216028674538	9.07073352236652	0.0460363520040532	4.36985191919192	0.20290915769334	3.57868593939394	0.236850304407317	1079.68721838384	30.0323292876191	6.02491790764791	0.187336613322304	1.41142877635597	0.059244837747291	24.6774090909091	0.229855733590578	8.51824539363114	0.0293881648573908	25.4414694470454
2012.40191549296	525.446206002886	13.3191761971879	9.08304195093795	0.0603933950972069	4.34716226262626	0.198461055297177	3.48422125252525	0.221882625022706	1090.37455979798	34.2582773599218	6.04219125607726	0.183220803357813	1.4273473016446	0.0626600687721748	24.7471363636364	0.298171031539931	8.52468259335554	0.0380708571308723	25.271893327277
2012.39504225352	522.065586406926	13.3152322158763	9.07007095604396	0.0536861766182642	4.30179129292929	0.203264625752104	3.49730626262626	0.232510002803099	1096.11687515152	37.8777643998512	5.98488112198912	0.183420131918599	1.43625762768465	0.067729079544616	24.5315454545455	0.32571430212929	8.51282607320136	0.0416718544318329	25.1023172072618
2012.38816901408	518.948001298701	13.2231558801552	9.11540337007437	0.0638440979875775	4.24491222222222	0.210954681032291	3.55592892929293	0.239798022420886	1099.25888363636	43.9754000029702	5.84560555366855	0.171372824369892	1.42443366935992	0.069112356046858	24.3791818181818	0.375688430343835	8.50499924335031	0.0481286386872526	24.9327410872466
2012.38129577465	515.308951284271	12.8655732972332	9.150749001665	0.0540782853302698	4.18986574314574	0.201697362313728	3.55239444444444	0.25007834829332	1102.19175393939	46.2944080449459	5.75928529004329	0.159109469537404	1.41031197026762	0.0561409754762184	24.3576363636364	0.388150000825062	8.50558528506752	0.0497317205691434	24.7631649674783
2012.3648	507.573152929293	13.7240559172629	9.1347551991342	0.0746632053170552	4.11764322366522	0.188738700174459	3.45466008080808	0.231404836851308	1111.81224585859	46.3425914155181	5.68720163203463	0.161187126602904	1.40649243463418	0.0458621531796341	24.3650909090909	0.336361425054156	8.51080808774439	0.0431183119991694	24.356182279591
2012.34830422535	502.106204011544	14.31441236719	9.08275300432901	0.0827050835374378	4.03050694083694	0.183873717632366	3.40843026262626	0.284069148849281	1118.82562848485	43.49421983007	5.70708568542569	0.174350670708705	1.44264707812536	0.0407028256357332	24.3458181818182	0.304671800114687	8.5143174891933	0.0390816153524938	23.9491995916982
2012.3318084507	505.030596017316	15.9874914637688	9.10862978354978	0.0958131122123058	3.97242161038961	0.198756460414157	3.41050109090909	0.269827581260304	1134.88516969697	45.1682275358233	5.7096465974026	0.182599112085667	1.468541853878	0.0428011606169343	24.6663636363636	0.298079039936703	8.53976565792351	0.0380899238806833	23.5346365154931
2012.31531267606	507.02314975469	16.4487645222917	9.10266163791764	0.0985032217099224	3.91058197979798	0.214411460550289	3.40195462626263	0.239752662262389	1147.21398161616	49.2218046133462	5.72669717748918	0.199335841281575	1.4982260156066	0.0547118713187411	24.8265454545455	0.336437819829416	8.55575484691934	0.0429135748423946	23.0456512035797
2012.29881690141	514.684077200577	19.163085203601	9.15850658230658	0.0776007429479771	3.8870598989899	0.225319570635893	3.44232925252525	0.215582797365711	1161.25463838384	51.4238397761751	5.70190288888889	0.21214360675859	1.49712512770321	0.054325887902553	25.0078181818182	0.347094585436981	8.57308444096149	0.04421181696015	22.556665891363
2012.28232112676	519.471227878788	18.0459205638725	9.10818903607504	0.0401404923700665	3.88684864646465	0.232362947614729	3.50772331313131	0.238242603488313	1164.15577737374	53.3821813631585	5.76316646464646	0.197918456295769	1.50803789054705	0.0572575383524743	25.0682727272727	0.287888428227739	8.58270062473848	0.0366675542941746	22.067680579153
2012.26582535211	534.679366868687	16.8250423896781	9.17041077922078	0.0476813082862074	3.93669363924964	0.222957461371112	3.65249218181818	0.258154956380823	1164.31591212121	50.6319771687843	5.91836671861472	0.200794019183872	1.52523979028176	0.0542704028227003	25.1688181818182	0.233327269893669	8.5948852660506	0.029708585966846	21.5786952669363
2012.24932957746	544.472295584416	16.2556467288053	9.1959144992785	0.0512507788124923	3.96443178354978	0.215473524031145	3.74832513708514	0.24123429418418	1165.63884969697	47.5707024646714	6.05897798556999	0.200953098713782	1.55180916290104	0.057017873133083	24.9376818181818	0.214890820827771	8.58573765963518	0.0274089684206462	21.1049354668756
2012.23283380282	552.563451128871	13.6158850585126	9.24068702164502	0.0680183883709739	4.00218496969697	0.199324233422154	3.89379463203463	0.260208027258523	1167.14911393939	45.7597420136747	6.13935852813853	0.191783439836341	1.56402378871927	0.0578883168833447	24.9015151515152	0.185289205361532	8.58478125375188	0.0236464409331862	20.9905745182668
2012.21633802817	551.000310952381	12.0507142005473	9.25422121067821	0.0718326415378123	4.0002723953824	0.190891717256355	4.08492003174603	0.350289464083015	1174.71710484848	46.5447823381123	6.16556131313131	0.171942317236334	1.57794933798113	0.0570866508976677	24.8445606060606	0.158165493613697	8.58249516012635	0.0202008429475367	20.876213569587
2012.19984225352	546.139645766456	11.1654971672467	9.19229354112554	0.0825548992001111	3.97158421356421	0.191441557982356	4.29153208658009	0.465145473546258	1188.66179604618	49.4982250809686	6.12271538816739	0.180074187932972	1.57722605951837	0.0494826378645529	24.9722878787879	0.310107299849022	8.59201633979076	0.0395177098160815	20.7618526209088
2012.18334647887	540.457640597181	11.6122651556662	9.20834312221112	0.0817220525609493	3.8526300952381	0.197114035220497	4.3676198996559	0.513522260222916	1207.41581601732	54.6725621441749	6.0909059047619	0.196828200014891	1.61015528960843	0.0441848580231054	24.8036363636364	0.353917973874463	8.58259103611082	0.0451462460946583	20.647491672229
2012.16685070423	529.428094545455	14.7037501775104	9.19260295238095	0.0714614952934557	3.70434131601732	0.218750773899645	4.29056290664891	0.478621484765918	1226.54281780664	57.5223036510753	5.94250474747475	0.198553210794076	1.63312300226359	0.051672283050934	24.9320454545455	0.351931388293394	8.59216121885816	0.0448491994226607	20.5331307236202
2012.15035492958	522.57426969697	15.6182321130212	9.25161505483405	0.0749447139759438	3.57036880519481	0.222978356465092	4.16998406693307	0.455891426782275	1241.51024852814	57.115612286273	5.87952951515152	0.185035314518189	1.679049607019	0.0569509157707077	24.8716818181818	0.284100112578193	8.58650275693319	0.0362377945942498	20.6846589822748
2012.13385915493	514.865863131313	19.2410102987487	9.22781138816739	0.0660929140872828	3.49197131168831	0.239154993629951	4.06840447041847	0.424083017196162	1258.66234730159	55.8669856444285	5.78604157575758	0.244576586700317	1.68975842177212	0.0495962812206537	24.6876363636364	0.192529349485275	8.57288666809282	0.024622575101473	20.8391871422111
2012.12487107259	512.791982366522	19.5099442967604	9.21007279365079	0.0692121871351834	3.45217472727273	0.239118493022994	3.94979632611833	0.353470712671999	1261.88870935065	53.6931426669497	5.76474832323232	0.27803818433424	1.70286571313986	0.0522153589242721	24.7096363636364	0.184635034237191	8.57329795198424	0.0236090837673437	20.9233851780606
2012.11588299025	515.155343838384	19.8452149807468	9.220270004329	0.0735216364035738	3.45605575757576	0.239677642348342	3.88319704329004	0.263364404131458	1263.10099831169	51.641773908307	5.73997803607504	0.279635488790147	1.69355329537368	0.0584862508324887	24.7622727272727	0.311693033459906	8.5756713365224	0.039787225559234	21.0075832139101
2012.10689490791	521.71241976912	17.1412825106336	9.22864234343434	0.0671930651608004	3.47524367532468	0.220056697381827	3.84369135353535	0.202753519784652	1250.41161526696	48.017910627813	5.79046717893218	0.212802173968573	1.70248703510747	0.0671534756735313	24.6247272727273	0.318810433583946	8.56585849320299	0.0407490292625621	21.0917812497596
2012.09790682557	534.559491778222	15.5422287610562	9.23308256565657	0.0568638111214505	3.56204775468975	0.218937740409188	3.89594539393939	0.187891836579388	1242.63533760462	44.9819286433838	5.86061195382395	0.180186328197227	1.68495489262383	0.0708758524125583	24.5093636363636	0.252456954844953	8.55745453250456	0.0323342261500699	21.1759792856091
2012.08891874323	543.835488210678	14.1044897370356	9.2605307994228	0.0563655184482404	3.62189268398268	0.198966762554737	3.90148242424242	0.181620683100258	1241.41967642136	42.2978413041298	6.01160232323232	0.173324305387055	1.69497181152141	0.0673028596092264	24.3855909090909	0.237660958072073	8.54849641522574	0.03049541882943	21.2601773214587
2012.07993066089	549.800819498885	12.0149923876105	9.27020792207792	0.0694861352528531	3.68061678787879	0.19187519371953	3.90285771717172	0.193231645201316	1238.68571090909	41.6175356500464	6.07124178932179	0.171709946984809	1.67876028318876	0.0602137559199944	24.0021363636364	0.243666165918092	8.52351035903542	0.0314587510480475	21.2779203413275
2012.07094257855	548.28091977689	10.3851212951949	9.24906379220779	0.0485672691356548	3.66380775757576	0.178547731974819	3.8079136969697	0.191713620755361	1234.86699797536	40.5664768444701	6.09478136130536	0.176359433590676	1.68697121816581	0.0479741864935614	23.8008636363636	0.205303678518489	8.51150896458701	0.026630605337095	21.1865789545436
2012.06195449621	545.671924440004	11.1680804239545	9.19426888744589	0.0487609479129253	3.68307353535354	0.176637142042698	3.70412781818182	0.199797215797915	1232.69737799201	41.115855961141	6.07803981751582	0.163553308302924	1.67388926799959	0.0497354997334487	23.6420909090909	0.221651998106182	8.50222727656721	0.0288413802606815	21.0952375677597
2012.05296641387	543.329625268065	9.47969737432546	9.16141744588745	0.0424679914463043	3.70239612121212	0.15232913670566	3.55971022222222	0.192356550466303	1233.30446001554	40.2818639327326	6.06296260606061	0.114634767400717	1.66348932502802	0.0413961260263157	23.7782727272727	0.208079359463429	8.51220094686783	0.027002044801387	21.0038961809757
2012.04397833153	548.361578614719	10.0315027182225	9.21230498989899	0.0548380125971131	3.77457787878788	0.13230320279351	3.5147156969697	0.209053172355821	1226.44577074925	36.3350077204356	6.2090252049062	0.0905050660774639	1.65991522726792	0.0401497949151666	23.4609090909091	0.269571426006185	8.49251518372499	0.0351882428683101	20.9125547941918
2012.03499024919	547.702033093573	7.90663885141633	9.24252170862471	0.0533701003199134	3.82074072727273	0.115173299223491	3.45298375757576	0.224081834547741	1205.12591515152	33.0951042495457	6.25815464069264	0.0752754116729282	1.65408515262143	0.034314294562793	23.4550909090909	0.358457337503248	8.49321619215136	0.0467038249406233	20.8212134074079
2012.02600216685	542.229302362082	10.4166330620803	9.21101215645466	0.0497686903973132	3.83515125252525	0.109987019149424	3.36321309090909	0.237999525727593	1193.85876545455	29.3529166397925	6.23021863492063	0.0948590525876173	1.63669789869061	0.0294445384857963	23.4534545454545	0.336259217207536	8.49419253821825	0.0438347259840288	20.729872020624
2012.01701408451	537.727671694972	9.7479887187709	9.19201998334998	0.0430723831747613	3.87076909090909	0.106227369954169	3.27343987878788	0.231744620596851	1184.13170181818	27.7756323136266	6.11848683116883	0.11956448080658	1.59617765566536	0.0234217014320722	23.5787272727273	0.30682210098507	8.50349678366737	0.0399076505393872	20.63853063384
2012.00802600217	535.443007503608	11.2553306389558	9.18409896825397	0.049825290704116	3.86815937373737	0.116617746352175	3.25273862626263	0.22600126619279	1187.05131808081	29.2040084966856	6.08081391053391	0.134728076107927	1.58776477076054	0.0263383806999098	23.4563636363636	0.242392291833911	8.4965531196093	0.0316640794729768	20.5471892470561
2011.99903791983	534.03179953824	11.0396515266012	9.19406751803752	0.0674975465496492	3.85845339393939	0.123521167318923	3.28409195959596	0.221392063838671	1186.62887991342	28.8201060610324	6.02463072727273	0.152862978206898	1.57567631804475	0.028671130228057	23.6311363636364	0.210186671263568	8.50880954019027	0.027363245223647	20.4801214500087
2011.99004983749	526.429511139971	9.52252939221571	9.17969319480519	0.0556873514422581	3.79719361616162	0.127759362853161	3.25856486868687	0.217057978150078	1196.82653082251	27.273964250848	5.96659128282828	0.169826368303285	1.58906490239844	0.0314242596222372	23.5802727272727	0.286747785626992	8.50387090756213	0.0373113439942969	20.615552249209
2011.98106175515	520.270474834055	6.51082698486479	9.11951613852814	0.068125003268852	3.773686	0.144940514013163	3.21495666666667	0.18248587766463	1192.57067085137	31.1888509664065	5.8431064963925	0.135488226482772	1.5739530941439	0.0317162465932314	23.5300454545455	0.297353298088818	8.49897078492941	0.0387269332813958	20.7509830484093
2011.97207367281	517.113443376623	7.36325697594414	9.12491016738817	0.0723247416481703	3.77647422510822	0.184775344741571	3.08090432323232	0.174155508050779	1189.51127815296	39.9012167362028	5.82709609412809	0.135644122030458	1.57975490227062	0.0447161725611786	23.6224545454545	0.284283640805714	8.50341789526665	0.0369576416582298	20.8864138476096
2011.96308559047	509.227931313131	8.60093275245258	9.07265698412698	0.0852849258099331	3.81370802886003	0.215530305376772	2.92443153535354	0.183252650285163	1173.09667057498	46.5100932155178	5.84412626129426	0.156683099089656	1.57055925429383	0.0529662461795707	23.731	0.351056871849459	8.50890512731679	0.0454726386458599	21.02184464681
2011.95409750813	505.161626666667	9.07170063441236	9.07414812121212	0.100007008585139	3.88407883694084	0.217117750184082	2.7903375959596	0.192441955363782	1162.87519823954	49.3888596055634	5.88701463780664	0.143915184207789	1.56287987447896	0.058813464039318	23.4774545454545	0.260966886218308	8.49070221759242	0.0340581957903954	21.1572754460103
2011.94510942579	505.648306262626	7.05199322957136	9.01720358152958	0.0714532971540004	3.97112858585859	0.189042507448543	2.71719832323232	0.180225433593248	1140.795958446	44.2898372661549	5.90264222111222	0.121808527052651	1.52585556084349	0.048376909005253	23.571	0.293647871995138	8.49523561034671	0.0382115395804234	21.2927062452106
2011.93612134345	510.971873939394	5.0790686742857	9.02648558441558	0.0809201139884436	4.06876498989899	0.165536175365689	2.68358767676768	0.177036409306076	1123.88219246753	37.4812866243967	5.94731422588523	0.114643423256357	1.49511507819811	0.0396569640208119	23.5283636363636	0.24941984585059	8.49083837376516	0.0325201856932527	21.428137044411
2011.92713326111	517.558637575758	4.76310843388866	9.03675539393939	0.0563903556658203	4.15716765656566	0.162035667806679	2.68904476767677	0.177900899719965	1111.18004848485	34.5101859511657	6.01392133044733	0.108790002974607	1.46648327864908	0.0329312513573433	23.1621818181818	0.221999091651779	8.46509450737554	0.0292418581384499	21.5635678436113
2011.91814517876	515.905621212121	6.41797309308963	9.03056868109668	0.0703706398747403	4.20063393939394	0.185305242069064	2.75009650505051	0.191296192485754	1112.42839650794	38.4611228007706	6.03343246608947	0.123144430333754	1.45604185122719	0.0473820396798461	23.1502727272727	0.251942637443493	8.46270500941102	0.0331701596780452	21.6989986429624
2011.90915709642	513.121485252525	8.30790191854213	9.05191296103896	0.0572110453385705	4.18383157575758	0.207954302353501	2.86001555555556	0.199633131458328	1122.87296481962	45.9804543329539	6.02531008658009	0.157645728189283	1.46392781585738	0.0487620159633749	23.1885454545455	0.25458659407812	8.46302219340487	0.0334801680867383	21.8870104144784
2011.90016901408	505.972596161616	8.66665070616216	9.05237425685426	0.0765435626090477	4.10734070707071	0.231749769072779	2.97170767676768	0.20009816790062	1139.94573621046	53.6029248745662	5.98939855122655	0.185761899344135	1.49003715795931	0.0607061918317401	23.1234545454545	0.351124229858021	8.45636740911307	0.0461414730463012	22.08537452317
2011.89118093174	502.089449292929	8.39225102869667	9.09225574314574	0.0690668173234694	4.01844725252525	0.227865966570279	3.0492056969697	0.189298116802136	1155.30901275835	55.5873170712091	5.97691783838384	0.19457437952302	1.52240263051106	0.0638419623124941	23.1584545454545	0.383367740939934	8.45635211954464	0.0502901736936803	22.2837386318566
2011.8821928494	495.951900808081	7.43329299436872	9.05353958441559	0.0522093880128521	3.94272777777778	0.210157571912828	3.07184694949495	0.17543198593465	1162.70445499611	48.2093874226253	5.91161163347763	0.1625103746421	1.53609413460738	0.0644589144142267	23.2932727272727	0.360956433808068	8.46293701623454	0.0472114629738059	22.4821027405482
2011.87320476706	495.046840606061	9.09427534096849	9.14342288600289	0.0453960013587249	3.88602787878788	0.170977593950489	3.06222432323232	0.157475239642001	1178.11898721501	38.3333786387738	5.88498073869565	0.151065310687558	1.5340647832838	0.0489243474929945	23.2372727272727	0.288314635295574	8.45690408852319	0.0378324006737785	22.6804668492398
2011.86421668472	485.801553939394	9.43840904221056	9.1147715974026	0.0527899170082382	3.82154066378066	0.153120817832592	3.04366935353535	0.148555079700691	1191.84465373737	30.2147564144564	5.85937480913026	0.161701256991809	1.51967085839836	0.0365755313399724	23.1524545454545	0.390999264440981	8.44895711838694	0.0512896916625287	22.8788309579314
2011.85522860238	480.179125454545	9.24471170904809	9.17072981240981	0.0636629994015527	3.75301986435786	0.158468723232535	3.04634595959596	0.149262744063893	1213.33437858586	33.8852758860282	5.9444280312213	0.224814749775141	1.5754790744799	0.0659806506681317	23.0227727272727	0.413771123402762	8.43801254448347	0.0544362992349665	23.077195066623
2011.84624052004	472.704838787879	9.51095507970636	9.09460525341325	0.0514089084900947	3.71623296969697	0.186663160264391	3.08343151515152	0.174225530686587	1212.97815633034	40.8627603839629	5.89485816883117	0.224395490526223	1.62393081041144	0.123547612127798	22.9522272727273	0.351625933496717	8.4309841508544	0.046431009598221	23.2755591753146
2011.8372524377	468.093723838384	9.91217203315721	9.09611537062937	0.0630364541474755	3.70247642424242	0.210218202988675	3.11832494949495	0.214943963405687	1213.29824242883	50.1058422876523	5.87422907359307	0.171018824610493	1.65055139669545	0.13094541446514	22.6147272727273	0.333199724187082	8.40600296255987	0.0444918787883957	23.4739232840062
2011.82826435536	469.542673737374	7.81150688986505	9.07930682572983	0.0756250331817458	3.75035503030303	0.223394614501961	3.30712266666667	0.270178578579778	1206.31208953824	56.19603616205	5.92145226262626	0.20132318454841	1.66621289150863	0.141554880671391	22.4555	0.300978865159544	8.3921245906936	0.0404563365234871	23.7379984989289
2011.81927627302	463.888995584416	8.6188864453825	9.06678337573538	0.0713520418853204	3.78326204906205	0.239880840027968	3.41771416161616	0.294910451734041	1194.4695634632	55.5304899635651	5.90879871861472	0.181644059470939	1.64735467559072	0.135189193943142	22.6994545454545	0.294623376337142	8.40494673665206	0.0392781982327843	24.0528785674351
2011.81028819068	467.454404531025	8.42241175049579	9.05788252036852	0.0588711368226351	3.82793199422799	0.238928928315254	3.52530723232323	0.35012089423903	1176.7922155267	53.6544390469022	5.89298523665224	0.146229334414328	1.60694834657371	0.114324333071199	22.5987272727273	0.389182852348332	8.39447689116737	0.0519026515116412	24.3677586359413
2011.80130010834	464.68934958153	9.68013248684098	8.95959485137085	0.0853209425576356	3.90553204040404	0.246645431253737	3.50548896969697	0.370063333127655	1151.38471854761	54.6838273157664	5.79979356421356	0.140741132795784	1.54486030677107	0.0917232407173405	22.4816363636364	0.338111634946138	8.3828753355301	0.045347750842879	24.6826387044475
2011.792312026	470.678520692641	8.78117136740233	9.04820876190476	0.0753372683670721	3.97591438095238	0.248648211150688	3.53512363636364	0.392414883223514	1130.80477414585	54.079282415947	5.87311148051948	0.124187878664198	1.54848044531232	0.094772487239385	22.8093181818182	0.39065195083887	8.40131975502929	0.0517480798866963	24.9975187729537
2011.78332394366	474.081549292929	10.7218593483259	9.03226144444444	0.0698287687383136	4.06443749206349	0.263607518386725	3.54589880808081	0.384715761619068	1106.05435203463	47.5077576152973	5.81372071284271	0.137135294810228	1.50731228660048	0.0953940773903252	23.1417272727273	0.351877925394824	8.41982803142247	0.0462166915695494	25.3123988414598
2011.77172535211	475.94219030303	10.1828817706242	9.10866733044733	0.0608659090814971	4.04677361216561	0.255681492204656	3.49807274747475	0.352219708667324	1102.28920920635	44.3775735096252	5.86922146897547	0.151873809469823	1.52406162753944	0.0978617508397772	22.9065909090909	0.253019499950838	8.39945578316053	0.0335516612545455	25.7187330475415
2011.76012676056	473.742063434343	8.99860159506721	8.96357053679654	0.0632333257550785	4.07961663936064	0.257545158046035	3.48473501010101	0.31034217847253	1103.03590444444	44.3319863776271	5.80351137229437	0.153876155898102	1.48195742166767	0.0868404584746737	23.3839545454545	0.301507277573448	8.42641085248232	0.0394018763989674	26.1250672536232
2011.74852816901	474.082888196248	8.04130816494539	9.01258218759019	0.0573752686638067	4.08140833477633	0.247666643298705	3.48005474747475	0.29768083859428	1110.5923637851	47.042033862727	5.90413907070707	0.141063496911368	1.49606818825513	0.0815204287145176	23.1595	0.205481706772602	8.40696623852176	0.027080547096265	26.5238934599183
2011.73692957746	466.340367272727	8.17471867621487	8.97478878787879	0.0467774039705468	4.10921694971695	0.24539734976163	3.39807402020202	0.268317198350134	1109.22404059052	49.7619066745631	5.88571743434343	0.116747727524998	1.48473761439533	0.0845672552767731	23.21	0.277713783335551	8.4062998615486	0.0364780108231031	26.8710617539089
2011.72533098592	463.772497258297	7.75243912655374	9.00540211277611	0.0464503111479055	4.13671623865024	0.215623598914807	3.234976	0.256659747341341	1100.69272338772	47.1216703769454	5.85193074747475	0.132955794768492	1.4574248863879	0.0735915450984222	23.0645454545455	0.362305957184767	8.39264379972713	0.0476742951405278	27.2182300476001
2011.71373239437	461.72010008658	9.12431191769644	9.00202512065712	0.0497258629049823	4.19520005239205	0.20315447615748	3.06680438383838	0.220519782193536	1093.4816553935	43.2442210625862	5.78792016161616	0.15707323950643	1.41200722157536	0.0645451586537389	22.9745454545455	0.396264291136297	8.38264898773518	0.0522279318790044	27.5653983415907
2011.70213380282	463.535938989899	8.14348988758118	9.01121284559884	0.0536984903019565	4.26257376911977	0.178225605999952	2.97784404040404	0.186434700291547	1074.20278669553	38.7624160800993	5.79880076767677	0.155289729596741	1.37780235727856	0.0510464896188358	22.5765454545455	0.420184729150847	8.35192469143231	0.0560239511683918	27.9125666355813
2011.69053521127	465.087733535354	8.96999863636841	8.95515641125541	0.052517734226052	4.33634937373737	0.16317272954263	2.95388567676768	0.159955560709822	1066.38774412698	35.1056131026017	5.76458417027417	0.14280102607218	1.34057186028804	0.0429973473287515	22.5423636363636	0.468893771119901	8.34561857470795	0.0624945300534652	28.2597349295787
2011.67893661972	463.166882828283	9.737082708688	8.9334119047619	0.0605828150603773	4.36208212554113	0.167449841024817	2.95011183838384	0.159533019360856	1059.24475316017	34.2740736427049	5.75065483694084	0.158756314709749	1.33565865838995	0.0485506524612174	22.6216363636364	0.49382498321732	8.34699186604824	0.0656001089314664	28.6069032235693
2011.66733802817	462.639511313131	9.72141314246845	8.89846330591631	0.0594090719182361	4.37141137662338	0.170798721564833	2.99311858585859	0.173890402766463	1058.53802484848	36.8546627456642	5.65795684704185	0.177063424821684	1.30832785231288	0.0440861888061351	22.5582272727273	0.404888959882473	8.33872116446244	0.0540433798316506	28.95407151756
2011.65573943662	465.21280969697	9.59846089453644	8.91829402597403	0.0570728550253169	4.37637566344766	0.184383541903284	3.08373662626263	0.181776668474091	1059.20286646465	39.9386698270641	5.72036261183261	0.162711618085631	1.3237020481063	0.0483853824033051	22.7934848484848	0.381124618034565	8.35385995832209	0.0505245523661451	29.016522020302
2011.64414084507	475.085158989899	11.5567685494167	8.8957409004329	0.0581691626768704	4.39517903296703	0.185430620576693	3.23555328427128	0.187993290879914	1057.88641535354	42.7591004475594	5.69168408080808	0.16048161791248	1.30966816767218	0.0509795080913398	23.1037575757576	0.378781760920292	8.37405518102043	0.0497672880538449	29.0614796577385
2011.63254225352	485.402756969697	10.8213551872459	8.89644764790765	0.0452447806970946	4.40911122566323	0.164028430533639	3.41852612987013	0.229200343664571	1061.14000262626	41.4549390839628	5.70969860606061	0.0955517347412397	1.31383138512197	0.0556921951404479	23.3985454545455	0.391801442376025	8.39302876393671	0.0510786085139614	29.106437295176
2011.62094366197	490.483346060606	10.7885983779862	8.89008343867244	0.0464742998866694	4.42294783116883	0.133848854771974	3.52195787856588	0.282577347147734	1048.89628363636	34.2099577029039	5.71553686868687	0.0912198336553561	1.30391382663216	0.054308527853194	23.5952727272727	0.403846147367784	8.40542857775625	0.0524044851424197	29.1513949326125
2011.60934507042	489.766956969697	8.04699963927701	8.88347846464647	0.0466155808041105	4.47249763924964	0.115492892790777	3.53064567443667	0.292349440345527	1039.4668789899	28.4085366747032	5.74114454545454	0.0972084852786549	1.2935875561994	0.0399805659730163	23.5641818181818	0.337574929545799	8.40287671071623	0.0438934144155674	29.1963525700491
2011.59774647887	486.268479191919	9.04909596954026	8.90979961327561	0.0538048732475227	4.50545287445887	0.128478166395164	3.43804016006216	0.277987514390116	1031.69442989899	27.5099917395977	5.77934307070707	0.0993026381158321	1.29279024394368	0.0276876401186968	23.3803636363636	0.258750538786519	8.39028582704853	0.0338519104171464	29.2413102074856
2011.58921418164	475.45105030303	8.48836921942658	8.90505934487734	0.0608178779004855	4.52707391919192	0.131610837480108	3.2548164024864	0.232969620308677	1022.7614640404	28.1223648488057	5.76933797979798	0.10086329976864	1.28817419627713	0.0271991086287057	23.1872727272727	0.238189271222739	8.37715399419379	0.0313386023127649	29.274382492488
2011.58068188441	468.663232727273	9.68149606803042	8.89628755178155	0.0420329592591324	4.57156763636364	0.14225337842495	3.12010666666667	0.21897529945021	1008.15603757576	25.5627571385083	5.70065915151515	0.133077127847038	1.25993137970435	0.0265495637751429	23.0470909090909	0.246527942526361	8.36775220961336	0.0325585708375673	29.2827826176369
2011.57214958718	467.390036450216	7.93385033958728	8.85471378554779	0.0345508768598418	4.6656627965368	0.116374349755634	2.95944842424242	0.217920691155997	992.086992727273	21.3844084421976	5.72239771717172	0.130690971214326	1.23567686186073	0.0224848655765241	22.8896363636364	0.177674639962912	8.35778025260193	0.0236276229120751	29.2364605007382
2011.56361728995	476.775714574315	9.24602014214073	8.90398077544678	0.0363733846783936	4.76283500577201	0.101830518544576	3.0025296969697	0.295619234466565	991.600813535353	15.6835495099759	5.86352480519481	0.143162442516929	1.23592595627645	0.0140120797448678	22.7018181818182	0.185253527419825	8.34570829878908	0.0247836670321284	29.1901383838382
2011.55508499271	483.898706724387	9.73328967272446	8.94779063469863	0.0387099233186254	4.80963038383838	0.0744462526278827	3.05666791919192	0.302165859222858	997.855091717172	14.5245364294096	6.00566791630592	0.130632018880639	1.25807573330529	0.0159699192031309	22.7174545454545	0.233852337389386	8.34729166176532	0.0312186009447757	29.1438162668851
2011.54655269548	493.97833027417	10.1522443563768	9.00542638383838	0.0588171220559395	4.81730587301587	0.0771263478280246	3.21016965656566	0.292821444951547	1010.40514242424	17.5896146921961	6.04822678499279	0.141548815755938	1.26819953931087	0.0174885634730991	22.8484545454545	0.234499287211026	8.35661677889453	0.031170296911748	29.0974941499864
2011.53802039825	496.796929090909	10.2008388024126	8.94492324819625	0.0478504673984125	4.76321694372294	0.0991242644335443	3.22481721212121	0.227191901830838	1019.18361393939	20.4371274872775	5.94637759163059	0.16028234098758	1.26117025118497	0.0178067378394915	22.8994545454545	0.184632330648403	8.36056056615019	0.0245398227612341	29.0511720330876
2011.52948810102	492.72515030303	9.51569585351206	8.87184492707293	0.0505079203499554	4.65483999134199	0.138104428911866	3.25494860606061	0.211020682894067	1034.85548484848	24.0408522157396	5.8689000952381	0.195398135550784	1.27208243645102	0.0213613028554444	23.0125454545455	0.179275530127453	8.36863828611018	0.0237476068777998	29.0048499161889
2011.52095580379	483.399189494949	11.3782144310989	8.85160123076923	0.063711516867324	4.51336707647908	0.187309594511726	3.27842004040404	0.23451754774746	1063.29385979798	30.7605400517487	5.80358585569986	0.204547427714899	1.30934725950496	0.0402158692596797	23.5463636363636	0.195500070808045	8.40443528258758	0.0255106057647296	28.9585277992901
2011.51242350656	474.129440808081	12.7711883161841	8.85313607525807	0.0536767459340089	4.37924505050505	0.224902718902918	3.37548488888889	0.282867334729928	1095.97909232323	37.7583540997399	5.71808077633478	0.174022265211896	1.34442574604255	0.0578003087442273	23.7662727272727	0.23609959727774	8.41934388187384	0.030628516465649	28.9122056823914
2011.50389120932	472.726237575758	13.5831891650076	8.94866749295149	0.0667164430731433	4.26786994805195	0.249741504391049	3.50810367676768	0.305036859724231	1125.15732109668	46.4099554260733	5.64712160750361	0.175708545846296	1.37590191896764	0.0785245203494965	23.7579090909091	0.229565140469994	8.41932985993451	0.0297900527339721	28.8658835654383
2011.49535891209	467.713508196248	12.1612032176901	8.98183392207792	0.0912934087326107	4.16236354689755	0.256682661453457	3.54479427417027	0.316056631947329	1147.39365681541	51.5792040535706	5.52089424819625	0.156804323467984	1.37913239539811	0.0816247762992677	23.8948181818182	0.261366785751776	8.43004366100709	0.0338017290341739	28.709042922711
2011.48682661486	464.357992150072	14.678659996405	9.02363140836941	0.0683910225046724	4.06540657431457	0.263507266760371	3.50351253391053	0.295074085383918	1167.98174795508	54.0850833193241	5.49227802308802	0.181394874086505	1.40419483624188	0.0814860157289376	24.0224772727273	0.238887079768173	8.4411956638987	0.0308328301863572	28.4595406613961
2011.47829431763	458.753626839827	14.6018598344417	8.98892417316017	0.0654034790104896	3.9870455007215	0.242211161352003	3.40378778499278	0.253081545449967	1177.27809471781	52.0740527015678	5.44075921212121	0.175299979460624	1.4071700955689	0.0733203496819694	23.8547272727273	0.155263125102288	8.43316788158256	0.0201373465033754	28.2100384000746
2011.4697620204	455.074905050505	16.5546667535523	9.06289916905317	0.0824182647236077	3.94402647330447	0.228306257378568	3.34020922366522	0.221477922488911	1178.83590533023	49.0463556139611	5.46840244444444	0.171903075782672	1.42678844482988	0.0680817907879525	23.8330909090909	0.166219430794218	8.43462897507545	0.021563366014405	27.9605361387597
2011.46122972317	447.715483030303	14.7694235219933	8.96692637373737	0.0632661444017717	3.95338557864358	0.205011541220712	3.24851387878788	0.232978310845627	1161.19086242424	41.7323919436438	5.38570224242424	0.166278608774114	1.39785492965215	0.0544719448827873	24.0212727272727	0.148324036604695	8.4497253908405	0.0191755837920748	27.7110338774448
2011.45269742593	450.326956161616	13.6261170514722	8.93547331679432	0.0805021783853531	4.02318436363636	0.185022274555061	3.09884212121212	0.245178962671637	1136.59260161616	36.8989038920962	5.45485882539683	0.163114499650213	1.38838126551646	0.0524289616963391	23.9549090909091	0.177848835431843	8.44829399913769	0.0230094962761207	27.4615316158373
2011.4441651287	456.343934141414	11.142702209384	8.83035628371628	0.0619966324394559	4.13701234343434	0.171112092973705	2.93839844444444	0.233201950196293	1105.80567330447	35.3109169404734	5.44423885281385	0.179864442642595	1.3476129791089	0.0511992261553629	23.8892727272727	0.255201207282307	8.4469061650426	0.03301166873079	27.2120293545224
2011.43563283147	467.131138787879	9.52902798664216	8.87784412121212	0.0564745692941874	4.25922003463203	0.155670838560851	2.8155797979798	0.219454431476583	1079.43498427128	37.6277858429394	5.61560230591631	0.174866983846367	1.35123475481161	0.0488161158371459	23.6446363636364	0.322155249776684	8.43383434291504	0.0418279657541181	26.9625270932075
2011.42710053424	476.259802049062	8.8977709316375	8.91691512587413	0.0445374059625632	4.34934697691198	0.163565383367792	2.73979175757576	0.202290880899803	1049.58253606061	36.7380418806525	5.67937218759019	0.161169069502942	1.3325292819264	0.0494601328121782	23.5523636363636	0.25292799092833	8.43067451593076	0.0329563575754701	26.7130248318926
2011.41856823701	483.129204848485	8.87364024885365	8.9226647965368	0.0499382368283679	4.4309712987013	0.18752633878535	2.65473042424242	0.188320295466742	1023.9222	32.6417372977516	5.79129322943723	0.149038292431235	1.33357465462013	0.0560051791772075	23.296	0.286865315245516	8.41669464114566	0.0375854761946606	26.4635225705777
2011.41003593978	492.7002501665	8.28103021387974	8.96006051082251	0.0461279613645492	4.48533541125541	0.197104909411562	2.59830571717172	0.155519513164109	1014.38804121212	31.4238999808943	5.86869576911977	0.153806735858943	1.33522507887943	0.0587465708377148	23.3830909090909	0.300736231591299	8.42603736745654	0.039302668981323	26.1524101617628
2011.40150364254	493.1460797447	7.44358607787885	8.93555284848485	0.0472364233085101	4.47154590764791	0.185063333274089	2.50201771717172	0.134153334240027	1022.67557111111	30.5489963051047	5.86052983549784	0.15615803829869	1.34320811518356	0.0536396102104209	23.5460909090909	0.34746832961098	8.44055688313404	0.0451886927952181	25.8236290970617
2011.39297134531	497.838962191142	9.67346872143244	8.99511767676768	0.050065747592952	4.41514286868687	0.164060070729654	2.46788501010101	0.0995647881873677	1040.79646989899	31.8858265379347	5.89741626551227	0.168987145182921	1.36354383533103	0.0463068415427048	23.5893636363636	0.314262202995214	8.44720646659723	0.0408592233939782	25.4948480327373
2011.38443904808	501.070718095238	10.3146143254372	9.05960642424242	0.0591566703510637	4.34543042424242	0.156317503925857	2.48300727272727	0.0956145393419398	1068.27479757576	33.6856603202401	5.86311381818182	0.151599458300562	1.37126911022552	0.0414400183691054	23.8680454545455	0.303198903021413	8.46921313504612	0.0392021432835126	25.1660669684216
2011.37590675085	501.90020949495	11.707279152051	9.05007667821068	0.0579245015494286	4.23377204040404	0.168540322407059	2.5365536969697	0.104163539365046	1092.48657232323	36.5393162335385	5.8457566031746	0.129275281535974	1.40155193296651	0.0486427230342179	24.0904090909091	0.245834477001589	8.48746653684743	0.0316875094528637	24.837285904106
2011.36737445362	502.765139393939	10.4841478774833	9.05841174025974	0.0505216757661657	4.12497406060606	0.152853033301675	2.67037866666667	0.163269438622991	1122.49796606061	36.7529080841832	5.74512351515152	0.102704027129216	1.41088546582236	0.0403739567287065	24.1222954545455	0.272478749834864	8.49335965965101	0.0350878143567961	24.5085048397903
2011.35884215639	499.675018989899	11.2377307186656	9.0181485050505	0.0448336911237792	4.02408822222222	0.143278281569915	2.82859795959596	0.217313554698775	1140.26375656566	38.3127242563556	5.66904136363636	0.0970484602006239	1.42736321306859	0.0428065813661603	24.2380909090909	0.263354322488836	8.50467785470186	0.0338542648262479	24.1797237754747
2011.35030985916	501.04054989899	11.8445738570628	9.03236166955267	0.0385084520033367	4.00896268686869	0.136388258993824	2.95532604040404	0.233438633639163	1141.54516626263	37.9517825356576	5.66433698412698	0.109389454062486	1.4320075131934	0.0392136910799099	24.4424545454545	0.27436708534491	8.52168705133624	0.0351616012913833	23.8509427111591
2011.33444853738	506.450736363636	12.6830146396789	9.05348067676768	0.0594050330813711	4.05450696969697	0.153334216343557	2.97542533333333	0.196208081405694	1126.61353838384	35.3310083605683	5.74681908513709	0.126834936321998	1.44185693167229	0.0440921649452574	24.3868181818182	0.315417611146695	8.52526070496756	0.0404320673667513	23.2397471426364
2011.3185872156	508.287398989899	12.7863435451344	9.08700660894661	0.0493099118974177	4.08015092929293	0.172833107340332	2.95132486868687	0.166031580590856	1117.03343676768	33.2043351279482	5.82963448551449	0.145468162364786	1.45464458142811	0.0452008055818694	24.5210909090909	0.361583020884189	8.53862498134595	0.0462494970626928	22.8367287019063
2011.30272589382	506.760416450216	12.453315439487	9.08015128626929	0.0558680531176726	4.10621252525253	0.181158642812341	2.91368521212121	0.134317692470195	1106.01716929293	32.2473571505522	5.93901096592297	0.167305045062896	1.46941430709975	0.0443912319499258	24.4878181818182	0.373129609901337	8.54103902253786	0.0477390353415537	22.449454064411
2011.28686457205	503.388093650794	11.1635880667937	9.02015962592963	0.078202220791067	4.10894044444444	0.162396098453991	2.8705923030303	0.131649448949714	1100.02614069264	34.23306499368	6.02466258719059	0.19487963875146	1.49061160119299	0.0566374779011232	24.2076363636364	0.384346038988241	8.52754745279003	0.0493478576507513	22.0621794271599
2011.27100325027	503.950746348096	10.6430099474753	8.9593367000777	0.0461497027313262	4.11128575757576	0.150479043993716	2.79821305050505	0.108938586209388	1095.9711033189	33.5553551056899	6.01834831313131	0.196845848122745	1.48712395623333	0.0551114491528088	24.0754545454545	0.275669774899949	8.5235683751571	0.0355251314741771	21.6749047896645
2011.25514192849	511.956701279831	11.9654817686922	9.05803539060939	0.0826537467369872	4.06206581818182	0.134820413148967	2.8275477979798	0.110736087778465	1106.78110799423	34.6937632100867	5.93395945165945	0.218512588565077	1.48919461031096	0.062325149424212	24.0811818181818	0.229524679527925	8.52851786157417	0.029598002199128	21.2876301521692
2011.23928060672	509.210891080031	11.8051592393405	9.12525525252525	0.0685421111754986	3.93154968831169	0.149777141037114	2.89330468686869	0.137049983916487	1129.94896109668	35.8271634779026	5.794040995671	0.230115263519571	1.50056822300718	0.062856903363375	23.8425454545455	0.25938193543451	8.51719097922454	0.0335808236311284	20.9360960468361
2011.22341928494	509.218266886447	11.4135311140838	9.14433517748918	0.0717735117105918	3.81060867732268	0.147268314968715	2.92420064646465	0.199527503526799	1146.13093010101	34.9760546119566	5.73228513419913	0.204545196512775	1.52795188540178	0.0663912993682002	23.9121818181818	0.298532709283918	8.52568785487475	0.0385696880916839	20.6017061260906
2011.20755796316	506.351801731602	11.3683363176481	9.13835710822511	0.077705687301117	3.70467390986791	0.153304810694131	2.89897735353535	0.243824066367464	1160.13008727273	34.6393110762811	5.67531154689755	0.18468103395243	1.54715915680032	0.0630419841450939	24.1770909090909	0.309877320433439	8.54682967253061	0.0398458152854264	20.2673162053451
2011.19169664139	512.483680692641	11.752145947759	9.1656385021645	0.0704947324548633	3.64429360639361	0.134064897508089	2.87939882828283	0.238147326938103	1165.73560626263	32.3692696837347	5.68954677922078	0.14155240197362	1.57267855521803	0.0566286222760647	24.2232954545455	0.30128986499372	8.55379713108921	0.0387186515648814	19.9329262848104
2011.17583531961	506.668200606061	13.1051145813733	9.17007613275613	0.0683331237852298	3.55269101875902	0.129889847963134	2.89295377777778	0.231803498526951	1175.68481171717	32.1183463136938	5.63745053968254	0.113655484767888	1.59608554645859	0.0535123732011495	24.4375	0.313942228327558	8.57159255209677	0.0402170499145207	19.5985363640649
2011.15997399783	509.684154343434	14.1365126090617	9.18881303896104	0.0454749368807821	3.50622824531025	0.133458199872707	3.01177513131313	0.254603606322616	1192.76086751804	34.4653634862531	5.63168128138528	0.111963308045216	1.61040046949255	0.0546978432704003	24.5163181818182	0.296267648286963	8.57926209490966	0.0379232628872508	19.3807990443693
2011.14411267606	507.796842020202	16.1070741500585	9.13946002741703	0.0647126947512171	3.45418434920635	0.132403982057381	3.04243084848485	0.233199161370932	1206.64309347763	36.5878728792394	5.60545512265512	0.132924033403263	1.63154363597274	0.0591850613830688	24.9213636363636	0.33309524362007	8.6059069752821	0.0424567385812331	19.3228705004302
2011.1338028169	515.342516776557	15.3464798368512	9.15609571428571	0.0522526636162537	3.45083332178932	0.139533686536239	3.05266042424242	0.193744868236852	1220.67241341991	37.40068120155	5.64798956709957	0.165822123485117	1.65238085710697	0.0619900527383139	25.0776363636364	0.300525941180315	8.61633698382006	0.038272543904057	19.2852169468348
2011.12349295775	511.992801554002	15.1862016692999	9.11341020779221	0.0712302722125169	3.42600353823954	0.150853962483925	2.97916088888889	0.126050602951299	1232.98192838384	36.5392952751897	5.62026306782107	0.191450217962571	1.66475360182024	0.0611356805529057	25.0816363636364	0.299909418831974	8.61704280105312	0.0381932338473892	19.2475633932759
2011.11318309859	513.689813799534	13.4063280848352	9.13812012054612	0.047837489604152	3.40930931746032	0.163903512634086	2.96743567676768	0.118362288978015	1238.91397122655	38.7467655529085	5.59300038961039	0.174441755290695	1.66562529964508	0.0612090204023559	24.9857272727273	0.367429203840292	8.6113708617867	0.046803714621138	19.2099098396813
2011.10287323944	517.743679449439	14.0211593640773	9.12259148185148	0.0480838778387382	3.39989058585859	0.16997146841315	2.94586521212121	0.114315781628875	1240.07648987013	39.741370094129	5.57822314862915	0.170994457945217	1.66734039803799	0.0605403237621138	25.0927272727273	0.401111933842755	8.6186519115806	0.0510572310043838	19.1722562861224
2011.09256338028	516.373262568543	11.8848651448333	9.08762497258297	0.0690054367515086	3.39637325252525	0.159410434993434	2.88094406060606	0.107334057282838	1233.13902868909	38.0476296529192	5.53272964213564	0.156655147416031	1.6559376258853	0.053964108716936	24.6941818181818	0.387531249606387	8.59362149862557	0.0494691232722211	19.1346027325269
2011.08225352113	519.593886089466	8.53989908558888	9.11060229148629	0.0704645431172049	3.42208858585859	0.147684011267319	2.82516733333333	0.10454629039864	1232.8488673249	34.9889432707514	5.54516950649351	0.14632775903195	1.64652375175489	0.0487099415286487	24.2941818181818	0.351016441422279	8.56803680940862	0.0450323193868059	19.1240111162122
2011.07194366197	518.691324920635	6.64913039292138	9.11087122655123	0.0744788759304883	3.44046111111111	0.144973595146693	2.74826329292929	0.0970323574918785	1236.12912489833	34.0769187308147	5.64828233621934	0.175802053949363	1.66629009497097	0.0516588782341356	24.1783636363636	0.311621077380476	8.5579180671509	0.0400682251064275	19.3447402346869
2011.06163380282	531.095676536797	7.28657759415226	9.16999605194805	0.0590111203179679	3.50493333333333	0.16369496090211	2.76130060606061	0.0983017927372087	1226.70367743867	33.4067339234006	5.75399393073593	0.188414913291085	1.66743814675518	0.0537331841031466	24.16	0.291183291228926	8.55409259415024	0.0374625275269285	19.5654693529425
2011.05132394366	535.949921558442	8.76102176890856	9.14082549206349	0.0285221845476113	3.58160945454545	0.169195908477134	2.74731066666667	0.0890067771192787	1208.67623109428	36.6044241174671	5.86648537795538	0.192332562643204	1.66015886891897	0.0499950950933394	23.9070909090909	0.316592352016551	8.53506484143889	0.0408939072242553	19.7861984714172
2011.04101408451	541.243032449772	7.31188807442171	9.14514404329004	0.0439897766791227	3.67203381818182	0.185562416727271	2.8159876969697	0.0971190535129925	1176.10063136046	39.1082573293254	5.92229252014652	0.150819923231348	1.64533248710447	0.062696137218036	23.8408181818182	0.296765926069744	8.52812265769186	0.0383951773778239	20.0069275896776
2011.03070422535	534.940402315462	6.64968193516749	9.03477546608947	0.0275059793064988	3.754686	0.18686601724546	2.79012428282828	0.0942258126366336	1148.34031443001	38.1100583763515	5.91823975468975	0.168985911951943	1.60865409066522	0.0563158778140374	23.8470909090909	0.326787377483655	8.5259022490624	0.0422510983849271	20.2276567081474
2011.0203943662	541.193587541348	6.37261718634737	9.07797048773449	0.0527523087314918	3.90147939393939	0.201774960866294	2.83202397979798	0.0863561025857295	1123.19465939394	39.7213046496685	5.96118141125541	0.171466580226516	1.5688570352421	0.0623401365754454	23.792	0.310023342229698	8.51968927359365	0.0401392836756997	20.4483858264079
2011.01008450704	537.915246868687	6.61489969240928	9.0401221976912	0.029660719032456	3.99500794516594	0.193853111050174	2.80969903030303	0.0721759936346595	1102.76890626263	39.1239163716752	6.05357243145743	0.210842940579604	1.54251301771547	0.0432760593958905	23.7674545454545	0.308458583152846	8.51546706935634	0.0399576314774155	20.6691149448826
2010.99977464789	542.363756363636	5.13841621021795	9.04823647330447	0.0455091829075075	4.08072647907648	0.190889433656735	2.81830185858586	0.0704666647186801	1082.09902666667	37.7032200601015	6.13363245310245	0.210150785732213	1.52865153937178	0.0438602823052813	23.7265454545455	0.264316214328642	8.5101792986146	0.0342982960996565	20.8898440631382
2010.98946478873	536.261850707071	5.75981194673594	8.9902668975469	0.0281277933819216	4.11122255699856	0.173764381611758	2.81795565656566	0.0957532794232755	1071.42511777778	33.1291942825179	6.19840939504939	0.211412158013395	1.52554992234242	0.0288885335992716	23.8434545454545	0.306243645236818	8.51518244566214	0.0396124594516465	21.1105731816128
2010.97915492958	531.392175151515	5.52332597391397	8.98153015584416	0.0389152596308738	4.1194303030303	0.166048735493897	2.78956850505051	0.110851551386366	1073.35915414141	36.7706905868467	6.15315488311688	0.145746234432526	1.51871520786181	0.0319748089461645	23.7324090909091	0.363252634465713	8.50533268768201	0.0470402643527681	21.3313022998684
2010.96884507042	523.126629494949	7.58551877339212	8.98246337373737	0.042460454092029	4.09103547474747	0.168131172852799	2.75664937373737	0.125623897434316	1079.26237490509	41.9348122820306	6.1768047994228	0.169209785256516	1.53113283038054	0.0329774880023392	23.6097121212121	0.355359524939329	8.49470390560523	0.0461429036167207	21.5520314183431
2010.95853521127	517.367576854257	9.33686025650083	9.01842664158064	0.0520328238476066	4.09768311399711	0.194822833817413	2.77610907070707	0.131718201715584	1080.58417648796	47.4999511921917	6.18258756421356	0.174680077312183	1.52916663893713	0.038842020203224	23.6501060606061	0.507842589881291	8.49473930869318	0.0656995982965736	21.7727605366036
2010.94822535211	514.326578658009	11.148877523803	8.98752620435121	0.0532515342298958	4.19006801731602	0.205177835888661	2.81661812121212	0.144074732153391	1070.22996910645	46.0276501008162	6.19807903174603	0.214152137902426	1.5065666965789	0.0300895183483124	23.6177575757576	0.536924918271095	8.49001898615179	0.0694704876939767	21.9934896550734
2010.93791549296	517.405228080808	12.0942558936061	9.06994074303474	0.0671523945555121	4.32692535353535	0.212005160710044	2.86975036363636	0.162874533835899	1057.1658208436	42.2491976483815	6.35057488023088	0.214661679761047	1.50279228380346	0.0304606329581117	23.2913787878788	0.411264993642066	8.4658987338709	0.0537311205822029	22.2198732393794
2010.9276056338	513.480627878788	13.7584162166478	8.99013933333333	0.0555210820498942	4.44946737373737	0.19862825222931	2.83735307070707	0.167956686267173	1038.37667393939	35.2154921401863	6.38842968398268	0.197132619885568	1.47394181026812	0.0290833296760194	23.3999696969697	0.399954210648223	8.46982680637769	0.0521304077351665	22.4943565027264
2010.91729577465	511.772568080808	14.360935832733	8.98506261838162	0.0515432129758751	4.52686167676768	0.17738808076981	2.830274	0.182398016689808	1014.90775717172	30.8435993626828	6.49080525541126	0.183888851615085	1.46474763131858	0.033044910793845	23.4670909090909	0.411763865573141	8.47101425003873	0.0535733225707418	22.768839765813
2010.90698591549	505.575301385281	13.5173304495655	8.92631754112554	0.0741139545188627	4.56878019480519	0.169585277882659	2.78496961616162	0.171897356349101	1003.86463474747	34.3190456795428	6.48503336796537	0.153419051262985	1.4477753504346	0.0369397224976066	23.3137272727273	0.390773035519669	8.45769396934338	0.0510498399698864	23.043323029166
2010.89667605634	504.339337070707	13.4954720287893	8.984170995671	0.0653504154857664	4.52638087157287	0.183345681805546	2.73061006060606	0.14063581846139	1006.37316484848	40.6831308329522	6.4790702049062	0.155038021356495	1.45517511503298	0.0374544240870095	23.3554545454545	0.336483968647876	8.4572274864723	0.0439676904056867	23.3178062922466
2010.88636619718	502.088518268398	12.9462482167015	9.04029953823954	0.0861279273714966	4.47134407215007	0.215178507794134	2.68433307070707	0.0974797140140738	1020.32291111111	47.9319767567451	6.38148784126984	0.151070376914455	1.45752297039346	0.044845553664926	23.3889696969697	0.315975441618731	8.45622112219867	0.0412735325725073	23.5922895555996
2010.87605633803	491.391926666667	12.0823366078594	8.96665315151515	0.0510900502589864	4.33735412698413	0.235407719889052	2.61638688888889	0.0838404730087014	1034.1589589899	55.1068759282831	6.23818077922078	0.158504667766404	1.46940348181085	0.0519926226614057	23.433	0.351952915239318	8.45590827424217	0.0458867105340204	23.8667728186863
2010.86533408451	488.310379191919	12.2529493944543	8.92191037806638	0.040079265820354	4.28202593073593	0.238267344825479	2.58510151515152	0.105344217482627	1042.38265777778	59.2721092462876	6.17577566233766	0.124412869213974	1.47500531568495	0.0631059198243509	23.1617727272727	0.274127635862935	8.43466712847786	0.0360579654910929	24.1522354123957
2010.85461183099	489.415044646465	13.4567345216844	8.90168965945166	0.0589845842121897	4.25017323232323	0.21853626549032	2.54933793939394	0.116349169274831	1046.97708369408	58.8856218990219	6.17542892063492	0.113243104400796	1.48337538986762	0.0690555989684552	23.063	0.275453180314649	8.4255130798652	0.0363323754264755	24.374756643119
2010.84388957746	495.052872727273	14.3003218629918	8.96967068398268	0.0572116857433529	4.26853953246753	0.201131828620933	2.56199612121212	0.121126794512791	1047.78359385281	50.319516718862	6.20453682251082	0.123401196985953	1.48913468052564	0.0617639316986321	23.0554545454545	0.291755076722563	8.422748354616	0.038473651196913	24.5688741080693
2010.83316732394	494.836281067821	14.7906031744771	8.92624424442224	0.0661684469228165	4.28954662626263	0.197339922219813	2.57886218181818	0.122333774863405	1045.82942398268	40.8978743825084	6.20034084559885	0.140597920652533	1.48630300735481	0.0496630967570267	23.0503636363636	0.246038846627086	8.42014866253771	0.0324913026439848	24.7629915728384
2010.82244507042	495.51112	14.7540834310318	8.94314824708625	0.0800746819587421	4.29166026551226	0.208351948198789	2.64428278787879	0.0973085946302687	1046.20072782107	32.1909918859292	6.34467459307359	0.180336719551153	1.50678547124735	0.0483918111826434	22.9716363636364	0.241872816794555	8.41264553836725	0.0320201660420718	24.9571090376075
2010.8117228169	491.734439105339	15.7237552083714	8.90949102697303	0.0555442447563537	4.28834751803752	0.226091350630299	2.70767004040404	0.0765767016007839	1050.02339858586	29.2842769498591	6.40187348340548	0.215563230607511	1.51597591181634	0.0527049029054064	23.1270909090909	0.24395683129847	8.4207299004772	0.0321468255998951	25.1512265023725
2010.80100056338	490.242891284271	14.518392966788	8.9880454043734	0.035096797437546	4.23371066089466	0.223855233221184	2.77321977777778	0.111218507383918	1063.57042989899	33.6758320829932	6.39486577200577	0.202676313612678	1.53215144986891	0.0620117771039848	23.1455454545455	0.263515856470859	8.41969858436603	0.0346876346896874	25.3453439671416
2010.79027830986	485.420815873016	12.3098127721822	8.98940987334887	0.0419875102875994	4.18082011544012	0.220981143336752	2.83540384848485	0.194215525844964	1081.33858545455	42.3826339568922	6.17767866233766	0.161500370687319	1.50781470289792	0.0646535943872818	22.9636363636364	0.201648987226782	8.40534503430761	0.0267336098757021	25.5394614319107
2010.77955605634	479.481444415584	10.9331551045369	9.03156426040626	0.0613635495300887	4.09369558441558	0.220309759893292	2.91552323809524	0.281119258643543	1100.78391212121	49.1043485843898	6.08831290909091	0.17578778894806	1.52148128958163	0.0654264332790543	22.9263636363636	0.226246176169687	8.40060479625564	0.0300070657031952	25.7335788966798
2010.76883380282	474.384972222222	10.7884809953982	9.03612604617605	0.0576194994340252	4.04550864357864	0.229285643620701	2.94710264646465	0.293708254569515	1107.50014780664	50.3128279937286	6.00407047763348	0.178981982079327	1.52142686128731	0.0651997957314821	22.91	0.271808221161372	8.39726105704553	0.0360192158476558	25.927696361449
2010.7581115493	466.677221053391	9.94969374751754	9.03294767532467	0.0656975141003771	3.9891242049062	0.23137057591802	2.85272551515152	0.241329893721112	1104.61661264069	49.2746717778229	5.90425132034632	0.17476236910074	1.51856798698574	0.0597032887776835	22.7358181818182	0.243069979380493	8.38301712855241	0.03241957523346	26.1493354994167
2010.74738929577	464.658851053391	9.68342947962261	8.98724428571429	0.0566693748548576	4.01540284271284	0.221807791478932	2.67685606060606	0.170104746820045	1088.3743210101	46.5616654048227	5.77749551515152	0.15831635110899	1.47178461965027	0.0532783074099591	22.8090909090909	0.212325370151373	8.38525818009277	0.0282784457546228	26.3808613692457
2010.73666704225	459.562690909091	6.87233615673593	8.97796191053391	0.0648158833767209	4.01867602808303	0.198139970037208	2.48510004040404	0.114719084061737	1076.55389878788	42.4834723629405	5.74844593939394	0.13550431934139	1.44996615779416	0.0445828470890467	22.8965454545455	0.270181365471296	8.38843731870358	0.0358202169901052	26.6123872388587
2010.72594478873	458.260092525253	7.75370827020992	8.95274616450216	0.0613070692755839	4.07014621645022	0.189629353876715	2.32612448484848	0.0963403598781698	1058.02045171717	34.5689045263133	5.70315715151515	0.146929480662412	1.41430604172477	0.0391800553179754	22.8549090909091	0.290777561174594	8.38297631388311	0.0385770028249652	26.8439131084717
2010.71522253521	459.329724646465	7.75739473167871	8.93196361038961	0.0579713134425109	4.10380530906467	0.194683200393076	2.23500911111111	0.102774102707178	1051.70680686869	29.2585326353164	5.6668118989899	0.160740444470372	1.38993404247615	0.0367477000122078	23.162	0.23966704176647	8.40076110292276	0.0315540683944704	27.0754389780847
2010.70450028169	459.43888969697	9.66284762521676	8.94834624242424	0.0473189684406693	4.10906691697192	0.204969872677452	2.20642496969697	0.127977803907351	1048.07943919192	27.6559802130751	5.69849874747475	0.171366504645857	1.40397158700213	0.0458057479577633	23.2416363636364	0.281149305941531	8.40336302924584	0.0368946150128888	27.3069648476977
2010.69377802817	453.011961818182	10.1631429424241	8.88037898989899	0.0436893913783834	4.0657386031746	0.210178170379203	2.21351234343434	0.14704854139513	1057.88631858586	31.5080349021253	5.66318886868687	0.172033658012136	1.41345603193721	0.0481639909846578	23.1770909090909	0.322622251798247	8.39642216911475	0.0423654332369079	27.5384907173058
2010.68305577465	450.100820606061	12.7420742146549	8.96351976334776	0.0535680230534368	3.96679016305916	0.220647571331577	2.23186585858586	0.138908364313515	1078.61218181818	37.0905132587859	5.5750803030303	0.161842025187744	1.43158029100462	0.0554598103286717	23.2245454545455	0.332011072204099	8.39689776314309	0.04353296434412	27.7700165869188
2010.67233352113	445.27427030303	12.9497603216955	8.86577863780664	0.0619597158697659	3.92459345454545	0.222463302939741	2.2240377979798	0.124073122680067	1097.4283820202	42.7544558051526	5.40699018181818	0.14133936106589	1.40498108369689	0.0542758006544734	23.2158181818182	0.342227298687498	8.39353822251867	0.0448713903810507	28.0117814083776
2010.66161126761	448.737771111111	14.2905030959351	8.92756508658009	0.0556402449605095	3.89138983838384	0.221466341725488	2.23089652525253	0.110901587781712	1110.86676909091	44.5243781822137	5.36022438383838	0.130207524572865	1.40837396366398	0.0572151811220613	23.0269090909091	0.29454178448892	8.3781728588387	0.0388702095528188	28.2576273640863
2010.65088901408	447.406632121212	13.2888700118073	8.87612476190476	0.0570501714565513	3.89571418759019	0.21229551840929	2.25043286868687	0.126127973503573	1110.60031440115	44.3861795515645	5.36364276767677	0.125038708459865	1.40219116267204	0.0595594519408825	22.942	0.254943986717939	8.36968771527804	0.0337680938704708	28.5034733200245
2010.64016676056	446.927930909091	10.5188559352635	8.95648846753247	0.0574188358512464	3.85419000865801	0.194189238507377	2.29731503030303	0.153857463315334	1108.21666675325	43.1865625851559	5.41642157575758	0.110106401456019	1.43227366664783	0.0550040118351316	22.8536363636364	0.216275383070552	8.36095724002002	0.0287594122277106	28.749319275728
2010.62944450704	442.329296359196	8.64883670011572	8.97070389033189	0.0981503695349522	3.8521713982684	0.18577146861196	2.33868066666667	0.19188472035978	1101.30900715729	41.2248948066162	5.36595775757576	0.117292469698653	1.42003039268362	0.0553387162410279	22.7251818181818	0.242747036989007	8.35207977406947	0.0323883063560277	28.7716449369835
2010.61872225352	437.640125236985	6.15451115865224	8.96973397979798	0.0965016505736738	3.89643787878788	0.181476774129173	2.26110705050505	0.201992629267044	1091.20982525253	39.1275755622898	5.23964983838384	0.0956375799511508	1.38122691007096	0.0482843305497577	22.4955909090909	0.295549479153828	8.33696221267745	0.0396769866700861	28.737361942176
2010.608	441.927804786325	8.02254057872502	8.94959294372294	0.106175611169141	4.03267628282828	0.186054338715125	2.14789246464646	0.195142979153781	1071.73902946609	36.8305438822186	5.16055127272727	0.0917538458588771	1.31065329653337	0.0456937257985863	22.3328181818182	0.358788740529268	8.32627435767387	0.04834531363284	28.7030789473685
2010.59689707476	442.286192061272	9.29715391963524	8.87375330735931	0.0640781218901381	4.14787296969697	0.172722327654823	1.99626012121212	0.173339948947733	1054.56974519481	32.6022042417504	5.21632012121212	0.086870746129462	1.28250058181186	0.0396338534606624	22.385	0.370066013767077	8.33024224457772	0.0497506303318076	28.6675788048247
2010.58579414951	445.845543838384	10.4341690729518	8.82018521212121	0.0617119871190186	4.25048816161616	0.166323082006293	1.93823923232323	0.15816768496915	1036.7359640404	28.3994209921026	5.24950933044733	0.0803931976262623	1.26204100645092	0.0366302304671074	22.3376363636364	0.308550961540826	8.32741841314245	0.0416428721066886	28.6320786622497
2010.57469122427	446.729824242424	10.021774413715	8.77922922943723	0.059984669737267	4.351227004329	0.159391776054025	1.94146654545455	0.139521884759818	1026.12168848485	25.6363635253074	5.22386621511821	0.105918979430122	1.23381125565776	0.0326442446925043	22.3455	0.238968607675873	8.32836289967079	0.0323242641090076	28.5965785197059
2010.56358829902	453.881836363636	11.3776382212243	8.8363773015873	0.0705951755180013	4.41322602453102	0.164402153104791	2.05724911111111	0.141100033252019	1027.64156525253	25.643676556302	5.22055631191031	0.126034130683486	1.20983641660836	0.0375444066566437	22.3586363636364	0.206187040979225	8.32966706289149	0.0279100695636423	28.5610783771301
2010.55248537378	455.474064848485	9.3170417094313	8.85337548340548	0.069585609078991	4.41281783982684	0.161365376965135	2.18591565656566	0.151243021581945	1042.44609858586	29.9704938798227	5.26798231168831	0.117864031544196	1.21471756342402	0.0434398622512523	22.4532727272727	0.25955742370109	8.33806650077648	0.0349420485024172	28.3908932508892
2010.54138244854	458.322197171717	9.66242706728007	8.9103864992785	0.0858852192092599	4.32862615295815	0.175193050074639	2.28488892929293	0.165209533719748	1065.33087515152	36.7793097205608	5.33333937373737	0.11601117922086	1.25019196270991	0.0479458522631405	22.5105909090909	0.364560375459775	8.34417220857241	0.0488027473086436	28.1982248423116
2010.53027952329	451.357882626263	9.83817541214265	8.87504597691198	0.0745567566854265	4.17696376623377	0.19998509496286	2.32719709090909	0.155122341480739	1088.90573575758	42.0547952925466	5.28771977777778	0.138898517189404	1.29041503155079	0.0571583039871724	22.6618636363636	0.386258251402943	8.35661682662665	0.0514108072624797	28.0055564335604
2010.51917659805	449.868541818182	10.3420997834402	8.90455747907648	0.076392643322879	4.02827749494949	0.220568241105841	2.4450377979798	0.162732029771383	1117.55160955267	42.1236730202737	5.22496056565657	0.172919772377461	1.32756590375405	0.060451866166882	22.9248181818182	0.427468634004708	8.37648013476024	0.0563736358777316	27.8128880249868
2010.50807367281	442.891802914863	10.1563600592258	8.93956391919192	0.0477757231535597	3.8952897979798	0.234454648742531	2.58283054545455	0.180545183864173	1152.08466097236	42.1780514865593	5.15067134487735	0.173108040896334	1.35943577978914	0.0607831301072983	22.7174090909091	0.281586970403154	8.36479356836457	0.0375335031387092	27.6202196164092
2010.49697074756	436.866135844156	10.1271785827233	9.02414278787879	0.0757814137638446	3.77930109090909	0.214513231495902	2.6965656969697	0.188781061430299	1192.32918264069	38.015041290602	5.13099280519481	0.176778067486223	1.39372993762852	0.0571323630805463	22.7908181818182	0.348522617452631	8.3719464692367	0.0462508512199005	27.427551207658
2010.48586782232	425.998410937951	10.5798789296566	9.03354385858586	0.0692422199137125	3.66432674747475	0.173972447092299	2.81807319191919	0.175909669763322	1218.20977649129	33.246861744271	5.00370778354978	0.140708619642353	1.39811262206003	0.0468842688254617	22.72875	0.397997055069702	8.36999765957847	0.0528415208122404	27.2348827990805
2010.47476489707	421.076438874459	10.8532036381509	9.07886277922078	0.0791709671408594	3.5128496969697	0.149139782496918	3.04342139393939	0.213280867166751	1236.69187881452	28.1173919860443	4.94494286868687	0.138687917429208	1.42528718394782	0.0409911760332431	22.7633333333333	0.322259221839509	8.37568503212473	0.0428366001271812	26.9434598933244
2010.46366197183	420.105900721501	12.1450393143137	9.07307528715729	0.070427847384369	3.4241718989899	0.171796118046426	3.31888153479853	0.295044296909616	1233.87634095238	32.2400090671031	4.88758570562771	0.125567918002937	1.45308487449927	0.0570908692399179	22.528	0.388665315242726	8.36770485640705	0.0519577587304045	26.2602262483408
2010.45255904659	424.593494199134	14.2884451001283	9.04701416738817	0.0767589080824507	3.40621260606061	0.199104505859751	3.53241048898072	0.373219340016714	1202.98236568543	40.7889924713438	4.9836327041847	0.147982384357659	1.49262606552837	0.0709762644156487	21.14	NA	8.27854487230078	NA	25.5769926033432
2010.44145612134	417.73327031746	11.6563094126998	8.89087144671202	0.0699331645995435	3.43985642857143	0.234200747040804	3.35927250793651	0.410058845081969	1158.85155133394	42.6301396742589	4.95936312358277	0.138213132723874	1.49107981068598	0.0827552764366648	NA	NA	NA	NA	24.89375895773
2010.4303531961	431.024275	15.8364319505007	8.82515166666667	0.0493694685483598	3.44120833333333	0.300217167398044	3.56088833333333	0.229455849639617	1161.94375833333	35.3886290326599	5.07159517857143	0.222961679676312	1.48449800945948	0.0534547645730956	NA	NA	NA	NA	24.2105253127324
NA	NA	NA	NA	NA	NA	NA	NA	NA	NA	NA	NA	NA	NA	NA	NA	NA	NA	NA	NA
NA	NA	NA	NA	NA	NA	NA	NA	NA	NA	NA	NA	NA	NA	NA	NA	NA	NA	NA	NA
NA	NA	NA	NA	NA	NA	NA	NA	NA	NA	NA	NA	NA	NA	NA	NA	NA	NA	NA	NA
